Header
0 12.0794238
2 12.449559699999998
1 12.704907599999999
3 12.9611996
5 13.265365
3 13.570319000000001
4 13.855328400000001
0 14.176811999999998
2 14.4562356
1 14.796326099999998
3 15.104129499999999
5 15.392824699999998
3 15.8021365
4 16.0717699
2 16.4229036
0 16.734203
2 17.0244253
1 17.36011
5 17.6278414
2 17.952741
4 18.2942141
1 18.5834721
3 18.8916339
0 19.1778302
2 19.4704197
1 19.8785086
5 20.1501585
2 20.4256921
4 20.711843299999998
1 21.1760767
3 21.4683785
1 21.7733036
4 22.1114168
2 22.3635199
3 22.7133799
5 23.053206799999998
4 23.4102644
1 23.6846713
3 23.976927
2 24.3182054
3 24.6424253
5 24.9532972
2 25.4272044
3 25.7657657
4 25.9869159
1 26.260382
2 26.530038400000002
0 26.8396975
2 27.145403700000003
1 27.417707200000002
5 27.7598889
3 28.0954937
4 28.3975978
1 28.731932899999997
4 29.039627699999997
2 29.397694899999998
3 29.681947
5 29.9718941
0 30.2604277
4 30.5489558
1 30.893495199999997
2 31.2429798
3 31.5997097
0 31.8740788
2 32.2576199
1 32.575081
3 32.8641839
5 33.1731508
1 33.4721176
4 33.7306375
2 34.074039
3 34.2953718
0 34.7070799
2 35.10393
1 35.618788
5 35.8409638
2 36.095769
3 36.3371533
4 36.6452978
0 36.9861821
4 37.2603596
1 37.5527024
3 37.8733436
2 38.1468713
5 38.4737828
1 38.7976128
4 39.1069372
1 39.43088
4 39.8080969
2 40.0847133
5 40.4249041
4 41.0224908
0 41.3539351
0 42.119003
2 42.3622739
1 42.6486667
3 42.9344233
5 43.2765641
1 43.5820686
4 43.8875045
2 44.157705
3 44.4619291
1 44.7880385
5 45.1850031
2 45.4695323
4 45.7846987
0 46.0928697
2 46.3978919
0 47.0089772
2 47.2291357
1 47.3680455
3 47.7258244
3 48.3674354
5 48.5194375
4 48.6539939
2 48.9605292
0 49.5417467
2 49.8654702
3 50.2011283
5 50.5621185
1 50.8660294
4 51.1732438
2 51.4783954
3 51.8225147
0 52.1605174
2 52.6577764
1 53.1015005
3 53.7464462
5 54.0856493
4 54.4067675
0 54.7288332
2 55.0440925
1 55.3726768
3 55.6664745
5 56.1943643
3 56.5493805
4 56.8578686
1 57.2308055
4 57.5545445
5 57.8604766
2 58.165629800000005
3 58.5438312
5 58.8321502
3 59.1585245
4 59.445502000000005
0 59.7495325
2 60.0249017
1 60.2953952
3 60.668179699999996
5 60.9756357
1 61.228222200000005
4 61.587987600000005
2 61.894936599999994
3 62.268135
0 62.5607019
2 62.931869899999995
1 63.208397899999994
3 63.535530699999995
5 63.552291800000006
1 63.858780800000005
4 64.1818175
2 64.4893047
0 64.8204252
2 65.1006722
1 65.4167518
4 65.6850406
1 66.0380532
3 66.3402144
2 66.6466652
5 66.9889797
3 67.0059311
0 67.3290668
4 67.6199832
1 67.9377508
3 68.2413301
2 68.5647491
3 68.8518582
5 68.8687523
1 69.1980617
2 69.5401594
0 69.829357
2 70.165568
1 70.4697693
3 70.779165
5 70.7961245
1 71.0544269
2 71.3960029
1 71.7870079
2 72.1127473
2 72.7266892
1 72.9803943
0 73.2892382
2 73.6094666
3 73.9037905
5 73.9228083
1 74.2130927
2 74.5693962
4 74.8954821
0 75.1827366
3 75.5224087
1 75.8286055
5 76.1338623
2 76.4764892
4 76.8018434
1 77.0928653
0 77.4161539
2 77.721971
1 78.0456685
5 78.3339752
1 78.6988435
4 79.0057821
2 79.2757941
3 79.5842354
0 79.9405402
2 80.2445752
1 80.6038429
5 80.9129412
1 81.2049352
4 81.477978
2 81.781138
3 82.1062815
1 82.4634611
4 82.7540553
2 83.0127108
5 83.3563187
3 84.0237128
1 84.3290129
4 84.7002554
0 85.0254857
2 85.5170436
1 86.0469786
3 86.5340034
5 86.8758843
2 87.1801486
0 87.519302
2 87.8461268
1 88.1535796
4 88.4766543
1 88.7639806
3 89.09034
2 89.4278324
5 89.7504719
1 90.056281
4 90.3618052
2 90.9867588
5 91.5809535
1 91.9072122
4 92.2472846
0 92.509379
1 93.4797243
2 94.1485198
3 95.1310942
4 95.4166279
5 95.7367531
1 96.0787868
2 96.9393495
0 97.2852964
3 97.8712283
5 98.1935339
1 98.517867
2 99.2353557
3 99.5570467
5 100.178426
4 100.4648481
3 100.7879822
2 101.0283103
1 101.335586
0 101.6399143
2 102.7289646
0 102.7457068
3 105.1262616
5 105.1268677
1 106.3978889
4 106.4154922
3 107.6636913
0 107.6643279
1 108.837501
5 108.8713726
4 110.1457298
2 110.1622212
1 111.3555901
3 111.4064469
5 112.7589167
2 112.7802382
4 113.9300609
3 113.9480004
0 115.2527395
1 115.2697667
4 116.3801951
5 116.4141489
3 117.7442008
2 117.7619026
4 118.8740417
1 118.8907526
5 120.2401784
2 120.2563542
0 121.2276275
3 121.2613172
1 122.27871569999999
4 122.29722050000001
5 122.89419240000001
2 122.9120447
4 123.8253608
1 123.84232840000001
0 124.79560280000001
5 124.9312454
1 125.3908676
3 125.42527670000001
2 126.3792757
4 126.39639930000001
5 127.3645376
1 127.38156470000001
4 127.9934797
3 128.885114
2 129.2531593
5 130.4110456
4 130.617086
2 131.0496049
1 131.2568385
4 131.6666203
3 131.8688426
1 132.3144888
0 132.5500426
5 132.928479
0 133.7752182
2 133.995829
1 134.5548543
3 135.2049995
5 135.8520633
4 136.3824138
1 137.027076
4 137.3859961
2 137.6604518
0 138.0013233
2 138.5946798
1 138.9361478
5 139.2601576
3 139.5685126
4 139.8903829
2 140.2337205
1 140.5554307
5 140.8777893
2 141.1659771
4 141.4852507
0 142.004814
3 142.3482178
2 143.0451792
0 143.0461604
5 144.2680999
3 144.2850517
1 145.5946222
4 145.6117037
3 146.8151146
2 146.8156738
4 148.0770542
5 148.0939963
0 149.3440388
1 149.3608675
2 150.6669619
3 150.6836722
3 151.810208
4 151.8270684
6 152.3676361
291.0 152.9999066
165.0 153.8741073
60.0 155.0827438
256.0 156.2383152
382.0 157.630925
305.0 158.6865941
158.0 159.8965562
46.0 161.3258709
235.0 162.3821189
368.0 163.7267604
130.0 165.1582317
354.0 166.5706837
410.0 167.6440006
256.0 168.7179707
81.0 169.9077945
67.0 170.5895525
116.0 170.8598788
172.0 171.0811549
207.0 171.2857931
249.0 171.4881771
6 173.3145879
0 173.5827858
2 173.6850954
1 173.8897945
3 174.3321357
5 174.5347934
4 174.7386629
0 175.8844146
2 176.1051145
1 176.256944
3 176.7516151
5 176.9690019
4 177.1236049
3 178.4006119
5 178.5533483
4 178.7683
0 179.1776164
2 179.433307
1 179.6228585
0 181.0249114
2 181.1809618
1 181.3698347
3 181.8819138
5 182.0507818
4 182.3862537
1 183.4721826
4 183.6617341
2 184.0851058
3 184.4440166
1 185.9153981
4 186.1022498
2 186.3066477
3 186.5271376
1 187.0206718
4 187.2066726
2 187.4943028
3 187.6468649
5 188.5082254
0 188.6615711
4 188.9370552
1 189.0737317
3 189.4896611
2 189.6421714
5 189.9994523
0 190.1504887
0 191.0614754
2 191.2627776
1 191.4481505
3 191.9671906
5 192.1224858
4 192.479522
1 192.7031692
4 192.9961349
2 193.3053892
0 193.6275495
2 194.0203812
1 194.2055957
3 194.3416884
0 194.6279398
0 194.948051
2 195.1225886
1 195.2794955
3 195.5333082
0 196.1554168
2 196.4794359
1 196.6787601
3 196.8653899
0 197.1357735
0 197.4600539
2 197.7341994
1 197.8678683
3 198.1079528
0 198.6547767
2 199.0166604
1 199.1702494
3 199.3745488
0 199.6627989
0 199.9508988
2 200.251664
1 200.409251
3 200.6086509
0 201.2160863
2 201.3876326
1 201.5401347
3 201.8653348
0 202.1473863
0 202.492607
2 202.7969117
1 202.9484223
3 203.1696945
3 203.7669992
5 203.9350063
4 204.1057897
2 204.3950306
3 204.7290347
3 205.0672058
5 205.2197788
4 205.3893092
2 205.657871
3 206.3255182
5 206.4781269
4 206.6516431
2 206.9179722
3 207.2550814
3 207.5623117
5 207.7296762
4 207.9196887
2 208.2059214
3 208.8852942
5 209.0412244
4 209.2296501
3 209.4492337
2 209.7900629
3 210.0823759
5 210.2319954
4 210.4055121
2 210.7138819
3 211.3655292
5 211.4987444
4 211.6853767
2 211.9768218
3 212.3158866
5 212.6011078
4 212.7736587
3 212.9412377
0 213.2491554
0 213.8931214
2 214.0639446
1 214.2003512
3 214.4896846
0 214.7728949
0 215.0943349
2 215.2624239
1 215.4331299
3 215.7600026
0 216.4371623
2 216.6442997
1 216.7961988
3 217.0679639
0 217.3549973
0 217.6677722
2 217.8393609
1 218.0068456
3 218.295049
3 218.9854994
5 219.104211
4 219.2945489
2 219.5145616
3 219.866703
3 220.1839204
5 220.3394611
4 220.524978
2 220.8143599
1 221.4492127
4 221.6035756
2 221.7553901
5 222.0989426
3 222.0994335
1 222.4046362
4 222.556225
2 222.6746768
5 223.0690591
3 223.0696225
1 223.359844
0 224.0160186
2 224.16966299999999
1 224.3362316
5 224.6219362
3 224.6379765
1 224.9278346
4 225.0817519
2 225.233025
5 225.5622993
3 225.5628985
1 225.8493793
0 226.5260443
2 226.6826088
1 226.8527325
5 227.148107
3 227.1485357
1 227.4341884
4 227.7832503
2 227.9170582
1 227.9867816
5 228.4227085
3 228.4231832
0 229.064916
2 229.2377067
1 229.3732888
5 229.662546
3 229.6785174
1 229.9841637
4 230.1189037
2 230.2797219
5 230.9790933
3 230.9797137
0 231.5694369
2 231.7340009
1 231.8895242
5 232.1851191
3 232.1856683
1 232.4978629
4 232.6500472
2 232.8047748
1 233.1099686
5 233.4334461
3 233.4493943
0 234.0360562
2 234.379452
1 234.7344064
5 235.074609
3 235.0751545
0 235.3479711
2 235.9884804
1 236.2935875
5 236.6166585
3 236.6171931
0 236.8882925
2 237.2277056
1 237.5495147
1 238.5329586
4 238.5498941
0 239.2161053
2 239.4161465
5 239.7918786
3 239.7924425
1 240.0799526
4 240.3681596
2 240.6920653
5 241.0449623
3 241.0619214
0 241.7041761
2 241.9944165
1 242.2648034
4 242.5863041
1 242.5868007
1 242.9314877
2 243.220374
1 243.557759
4 243.5757034
0 244.1691941
2 244.4784138
2 244.8296062
0 244.8303177
2 245.4213942
1 245.6937918
0 246.0647683
2 246.0819093
5 246.746853
3 246.7649542
1 246.985291
4 247.3262457
2 247.6673067
3 247.9848353
1 248.2949855
4 248.6332502
0 249.2628925
2 249.2636783
3 249.5681478
5 249.8688905
4 250.19588180000002
1 250.5165357
5 250.8524517
3 250.8686028
2 251.1232156
4 251.498167
0 251.7534138
2 252.0395991
1 252.32161649999998
2 253.68600890000002
4 254.3892728
5 254.3897353
3 254.406311
2 256.77164300000004
0 256.7722426
1 256.78856140000005
0 259.3185119
4 259.33614220000004
1 259.3367643
1 261.80217600000003
4 261.80283199999997
5 261.81902560000003
4 264.3794971
3 264.3802726
2 264.3965842
1 264.41365629999996
3 265.5854329
2 265.6013303
1 265.61846649999995
4 265.6191245
2 266.85829309999997
1 266.8752697
4 266.89231259999997
3 266.89283020000005
2 268.1020538
1 268.1026474
4 268.11906639999995
3 268.11963349999996
4 269.4430833
5 269.4601477
3 269.4607139
4 270.6020171
5 270.60261820000005
3 270.6188972
0 271.9340976
2 271.9346822
1 271.95088250000003
0 273.1903559
2 273.20644100000004
1 273.2069792
6 274.4213601
107.0 275.01749010000003
247.0 276.2561382
380.0 277.5009864
240.0 278.79371790000005
142.0 280.08318569999994
30.0 281.2163673
240.0 282.6332724
387.0 283.92350869999996
240.0 285.0646441
79.0 286.41000799999995
303.0 287.71977519999996
444 288.8901978
290 290.21483120000005
101 291.5544907
199 292.88550250000003
388 293.89171109999995
6 294.1969514
0 294.59999059999996
5 295.2714409
3 295.28841580000005
0 295.6284922
2 296.3184099
1 296.62228630000004
0 297.24965769999994
2 297.8550815
1 298.1773187
5 298.49574629999995
3 298.5133714
0 298.78630699999997
2 299.1306769
4 299.72026559999995
1 300.0581488
5 300.38292820000004
2 300.6856524
3 301.00282719999996
4 301.32494829999996
5 301.9213482
1 302.20438779999995
4 302.52621239999996
2 302.78344430000004
3 303.1056826
1 303.8126409
4 304.1185336
0 304.74830799999995
2 305.35427630000004
1 305.6443246
3 306.03418550000004
5 306.5267281
4 306.9030202
1 307.23608790000003
4 307.8681685
2 308.15933759999996
5 308.51671769999996
2 309.15768860000003
4 309.48086279999995
0 309.82253990000004
4 310.4483192
1 310.70208479999997
3 311.07569450000005
2 311.7028212
4 311.9868314
1 312.34208809999996
5 312.93086259999995
3 313.2702884
2 313.57539740000004
4 313.93450270000005
0 314.1892415
5 314.5452871
0 314.8356972
2 315.2404044
1 315.388963
3 315.61007370000004
0 315.8806819
0 316.16790649999996
2 316.4695418
1 316.63678430000004
3 316.84223629999997
0 317.36948540000003
2 317.7357921
1 317.90904620000003
3 318.12620530000004
0 318.38353340000003
0 318.68671529999995
2 319.03827279999996
1 319.15553020000004
3 319.3755738
1 319.9512079
4 320.31703159999995
1 320.4536518
5 320.643284
1 320.93468540000003
1 321.2580978
4 321.56331880000005
1 321.7149375
5 321.8854192
1 322.48618550000003
4 322.83509690000005
1 322.9512611
5 323.13768990000005
1 323.46901990000003
1 323.757034
4 324.113076
1 324.2498418
5 324.435614
4 325.0213287
2 325.37836189999996
4 325.73620200000005
3 326.0212365
2 326.1728345
5 326.31068960000005
4 326.62987569999996
2 326.9351788
2 327.5700117
4 327.90307099999995
2 328.0197892
3 328.1925605
2 328.4818858
5 328.82223139999996
2 329.1302518
3 329.3148009
4 329.4875382
2 329.78740059999996
2 330.09151810000003
4 330.45060639999997
2 330.5887245
3 330.7593915
5 331.04988979999996
2 331.335369
3 331.48758539999994
2 331.6520914
4 331.99066289999996
2 332.6198607
4 332.96190939999997
2 333.08386840000003
5 333.23616289999995
2 333.50647890000005
3 333.65717459999996
4 333.84690839999996
0 334.16388989999996
0 334.489998
0 335.1861735
2 335.5092713
1 335.6756841
5 335.8282934
0 336.09811160000004
4 336.4340396
0 336.62075460000005
5 336.70551279999995
2 337.04459569999995
1 337.381941
0 337.70927659999995
2 338.0176678
1 338.1683166
5 338.3363505
0 338.63600369999995
0 338.942411
2 339.28010070000005
1 339.41682449999996
5 339.60328289999995
4 339.90443949999997
0 340.20267520000004
2 340.5218344
1 340.67442430000006
5 340.8609133
0 341.1504053
0 341.45360359999995
2 341.77682059999995
1 341.94857219999994
4 342.11706949999996
0 342.4522608
0 342.7234763
2 343.0303748
1 343.18073449999997
3 343.3362177
0 343.62180980000005
0 343.9793529
2 344.2851856
1 344.43373670000005
4 344.6210777
0 344.9425271
0 345.2694487
2 345.58655550000003
1 345.7363586
5 345.90856329999997
0 346.1964037
0 346.51883799999996
2 346.82828930000005
1 346.96580370000004
4 347.1510478
0 347.45443409999996
0 347.79157869999995
2 348.11574029999997
1 348.25132929999995
3 348.43584799999996
0 348.73920610000005
0 349.08222450000005
2 349.37347950000003
1 349.4892685
4 349.6785327
0 350.0012143
3 350.30827639999995
5 350.63023480000004
3 350.7841998
4 350.9356741
3 351.2600149
3 351.56816979999996
5 351.88639509999996
3 352.0540078
4 352.2255219
3 352.5330487
3 352.83543199999997
5 353.15659000000005
3 353.32410660000005
0 353.4450849
4 353.7842067
3 353.9566198
5 354.1427718
3 354.4320934
4 354.60168710000005
1 354.7712914
5 355.04429459999994
0 355.33881040000006
0 357.6895651
0 360.185335
