Header
0 9.4368421
2 9.775074
1 9.9436276
3 10.1662587
5 10.5353673
4 10.7019163
0 10.887284399999999
2 11.259609600000001
1 11.442407799999998
3 11.6463559
5 11.997497800000001
4 12.172225699999998
0 12.3722861
2 12.7612931
1 12.9298331
3 13.117293
5 13.4488062
4 13.6487625
0 13.7679425
0 14.0756333
0 14.242930099
5 15.3854993
3 15.3860557
5 15.7057611
4 15.927058599999999
0 16.1078822
3 16.2756364
5 16.4980512
4 16.7005054
0 16.8681857
3 17.0211556
5 17.2080323
4 17.4349901
1 17.4711641
3 17.6610354
5 17.8278294
4 18.0151204
2 18.3224581
3 18.7273141
5 18.9139108
0 19.0972313
4 19.1310764
3 19.2980417
5 19.4665784
4 19.6538973
2 19.8309674
3 20.004085
5 20.2253589
4 20.393637299999998
1 20.5819467
3 20.9507422
0 21.2422237
5 21.6617207
3 21.8606762
2 22.0480902
4 22.08203
5 22.5925618
1 22.8106111
3 22.982090799999998
4 23.1834244
0 23.529633399999998
5 23.5476249
3 23.9194414
0 24.3098225
5 24.6528181
3 24.8393437
1 25.0230995
4 25.0398802
5 25.632602499999997
2 25.7692264
3 25.972667199999997
4 26.141291600000002
5 26.3077701
3 26.8454142
0 27.190584299999998
2 27.6013958
1 27.752037700000002
3 27.972197100000002
5 28.331420199999997
4 28.548827600000003
0 28.684519899999998
2 28.903880100000002
1 29.266710600000003
3 29.617447499999997
5 29.771416700000003
4 29.9560677
0 30.141098
3 30.5625991
0 30.751117999999998
3 31.176791700000003
4 31.510057099999997
1 31.6439727
4 31.982139699999998
1 32.1668229
2 32.4852232
5 32.7925685
0 33.1464943
3 33.5845468
5 33.872805
0 34.0433258
4 34.2443566
3 34.4476072
1 34.6011535
5 35.2184248
3 35.5372449
2 35.7236651
4 35.8763324
0 36.0253052
3 36.428241299999996
5 36.6835194
1 37.4899794
3 37.7635206
5 38.119421
4 38.52023
2 39.0456605
3 39.3995431
5 39.7702579
4 40.146465
0 40.3455088
3 40.7312047
5 41.1072478
3 41.6238092
4 41.8113611
1 42.027727
5 42.0446845
3 42.3644956
4 42.5687066
5 42.922568
3 43.3142207
2 43.4647875
4 43.6861875
1 44.2277437
0 45.0252804
2 45.397588999999996
0 45.5641346
1 45.7694623
3 46.52489
5 46.8430519
3 47.063628
4 47.2352059
2 47.9941343
4 48.3544094
2 48.5227798
3 48.7095453
1 49.4839624
3 49.8231475
1 49.9906873
2 50.1742069
0 50.9167506
2 51.1221665
1 51.3076829
3 51.6567599
5 51.8452779
4 52.0437858
0 52.3982159
2 52.8012517
1 52.9893582
3 53.174875899999996
5 53.4954442
4 53.6969559
0 53.8864495
3 54.2910619
5 54.4911675
4 54.67511
1 55.0138655
0 55.352568
3 55.7784438
5 55.946126
4 56.1304535
2 56.2999643
3 56.4997897
1 56.8536537
5 57.245011500000004
3 57.4438109
4 57.6322811
2 57.7821115
3 57.9686605
0 58.341175500000006
5 58.6990024
1 58.8837192
3 59.06922539999999
4 59.4240726
2 59.576108700000006
3 59.8180091
5 60.1885886
0 60.311481099999995
3 60.5678463
2 60.7236728
4 60.9083492
1 61.1092673
3 61.5240311
5 61.681441199999995
4 61.8650346
2 62.05250100000001
1 62.673814899999996
2 62.997037399999996
1 63.200238600000006
3 63.5699427
5 63.8959512
0 64.231064
3 64.6180036
2 64.7876086
5 64.990742
1 65.195436
3 65.3949975
4 65.7291102
2 66.1150692
0 67.2073468
2 67.6270002
1 67.7994687
3 67.9829849
5 68.1472227
4 68.3597069
1 68.7145337
3 69.4613379
2 69.6128585
3 69.8507409
0 70.1903211
2 70.5791749
1 70.7460048
3 70.9342013
5 71.1204697
4 71.3241486
1 71.4905065
4 71.6633403
2 72.0317177
3 72.1965783
5 72.3994171
4 72.6018151
3 72.790091
5 72.9927942
0 73.1479896
3 73.3823985
4 73.5319932
2 73.7195833
3 73.9018126
1 74.0716718
5 74.2613271
3 74.4596395
2 74.6303693
5 75.0313614
3 75.2317819
4 75.4172315
0 75.7543106
0 76.1098839
2 76.4851872
1 76.6866507
3 76.8741377
5 77.0249543
4 77.2153729
0 77.4010433
2 77.6424672
1 77.8259711
3 78.0483465
5 78.1977269
4 78.4017516
3 78.5679468
5 78.7384153
0 79.0616896
2 79.4150865
1 79.61715099999999
3 79.8044753
5 79.9751726
4 80.175651
0 80.362103
2 80.5653367
1 80.7481271
3 80.9695462
5 81.1191719
4 81.3047924
1 81.4718815
3 81.6911877
0 82.0452179
2 82.4374992
1 82.6082268
3 82.7912102
4 82.9752578
2 83.1588278
3 83.3135262
5 83.4977812
3 83.7044917
4 83.8730303
0 84.0802749
2 84.2660003
1 84.453516
3 84.6580141
5 84.7920327
3 84.9928056
0 85.1463201
4 85.3288779
2 85.4993896
3 85.7494853
1 85.9357195
5 86.1010128
3 86.3355529
4 86.5030394
2 86.7023009
3 86.8688601
0 87.0583111
5 87.2087776
2 87.3602901
3 87.529498
1 87.7187189
6 88.2456474
107.0 88.6375746
205.0 89.5258262
282.0 90.0856603
331.0 90.9053919
387.0 91.5849039
352.0 92.2985425
247.0 93.0495725
121.0 93.80143699999999
23.0 94.5655252
128.0 95.2986158
219.0 95.9625798
366.0 96.726578
352.0 97.5071627
247.0 98.2348453
380.0 98.9496749
275.0 99.7088483
156.0 100.4714482
51.0 101.1873865
142.0 101.9527863
261.0 102.7566425
366.0 103.4363568
436.0 104.2192855
282.0 104.9994557
163.0 105.680328
72.0 106.3600665
184.0 107.5131085
310.0 108.3298908
387.0 109.0079903
233.0 109.7888648
100.0 110.5531022
191.0 111.34980469999999
205.0 111.702811
6 111.9905292
0 113.1713481
2 113.6071828
1 113.7785075
3 113.9435188
5 114.0784179
4 114.2951984
0 114.6792867
2 115.0850346
1 115.2363969
3 115.4229475
5 115.5757447
4 115.7828661
3 116.1532051
5 116.507223
3 116.7135611
4 116.8652568
0 117.0497603
2 117.254426
1 117.6409191
3 117.9991018
5 118.1676215
4 118.3897849
2 118.5600606
3 118.7453397
0 119.0829411
3 119.4587863
0 119.6633832
5 119.8496738
0 120.0519676
3 120.2045598
1 120.5640268
4 120.5815118
3 120.9412562
1 121.142801
5 121.334771
3 121.5017329
1 121.7094082
4 121.72639410000001
2 122.0785811
3 122.4579625
5 122.75835740000001
3 122.96073159999999
4 123.16911889999999
2 123.35570890000001
3 123.525861
5 123.88290930000001
2 124.0681225
3 124.2838354
2 124.46836219999999
4 124.6159235
0 125.00765600000001
3 125.02483640000001
5 125.3589282
0 125.54173049999999
3 125.7454915
0 125.92666620000001
4 126.11221429999999
2 126.4909559
3 126.52511259999999
5 126.86324649999999
2 127.03598229999999
3 127.2029343
4 127.42421420000001
2 127.60888100000001
1 127.9808679
5 128.0506353
3 128.359865
1 128.5494142
4 128.71736529999998
1 128.8829434
3 129.0713781
2 129.4583596
5 129.8134141
2 130.0179832
3 130.16813689999998
2 130.3555938
4 130.54108000000002
0 130.93357939999999
5 131.30462240000003
0 131.45824290000002
3 131.6430482
0 131.82700720000003
4 132.0749649
1 132.399109
5 132.7690149
1 132.9361402
3 133.13963180000002
4 133.52753130000002
2 133.88161609999997
5 134.26713819999998
2 134.48507389999997
3 134.63590979999998
2 134.80375830000003
4 134.98509009999998
1 135.3817601
5 135.7658
1 135.9383287
3 136.10689580000002
1 136.2432331
4 136.45903429999998
0 136.81534979999998
2 137.1838563
1 137.35440219999998
3 137.60273990000002
5 137.7743173
4 137.96078590000002
0 138.1330987
2 138.58674409999998
1 138.75805730000002
3 138.94281669999998
5 139.1111881
4 139.2937415
3 139.48222170000003
0 139.8163148
2 140.1998769
1 140.3885194
3 140.57602980000001
5 140.7458598
4 140.9502794
0 141.10833229999997
2 141.52703359999998
1 141.6975643
3 141.8840872
5 142.05240529999998
3 142.27534300000002
4 142.44502110000002
0 142.80182639999998
2 143.21639269999997
1 143.3839426
3 143.5702412
1 143.73502589999998
3 143.9215175
0 144.29652099999998
2 144.65879460000002
1 144.84456039999998
4 145.02723630000003
1 145.24562020000002
3 145.396212
2 145.74823830000003
5 146.1332044
2 146.2997006
3 146.50127529999997
2 146.66662589999999
5 146.8713039
3 147.0749065
0 147.2453132
4 147.4428206
2 147.61336870000002
1 147.83512409999997
5 148.0226586
3 148.3610149
0 148.716324
1 149.79554309999997
2 150.5587294
3 151.28487560000002
4 152.0248186
5 152.7671161
4 153.52128599999998
3 154.2815703
0 154.99766090000003
2 154.9982395
1 155.0155252
5 155.7498696
4 155.7504275
3 155.7677241
1 156.50981330000002
2 156.510468
4 157.21357189999998
3 157.22956390000002
0 157.98306179999997
1 157.9836616
5 158.7279782
4 158.744961
2 159.42870470000003
3 159.44663070000001
3 160.16866620000002
2 160.1858211
3 160.6465356
2 160.66515879999997
6 163.4496621
82.0 164.7570114
201.0 165.67462
292.0 166.43512149999998
376.0 167.06301910000002
425.0 167.8102028
299.0 168.54323069999998
166.0 169.2934305
75.0 170.0266416
33.0 170.77278460000002
152.0 171.503715
257.0 172.3025311
341.0 173.28499219999998
418.0 173.81128280000001
299.0 174.53805110000002
173.0 175.2859927
89.0 175.950966
229.0 176.83096769999997
327.0 177.52889349999998
369.0 178.16027409999998
250.0 178.9085951
124.0 179.70544919999998
54.0 180.5234749
173.0 181.2175401
292.0 181.94463130000003
362.0 182.7405867
411.0 183.4396145
306.0 184.15769219999999
201.0 185.11112910000003
124.0 185.6551146
54.0 186.27010009999998
215.0 187.10079389999999
278.0 187.67924929999998
6 188.12153640000002
0 188.62595249999998
2 189.01366030000003
1 189.18619919999998
3 189.3707111
5 189.55977230000002
4 189.76559939999999
0 189.96666729999998
2 190.37154099999998
1 190.71167989999998
3 190.9320834
5 191.08407549999998
4 191.2900661
0 191.6443504
2 192.0344247
1 192.2008434
3 192.4222302
5 192.59101449999997
4 192.7795544
0 192.980212
2 193.3679429
1 193.5384626
3 193.72294520000003
5 193.9114712
3 194.26550980000002
0 194.6485844
2 195.07297440000002
0 195.6269891
2 195.8138194
3 196.00084550000003
5 196.4058013
3 196.69095850000002
5 197.06192670000001
3 197.24542739999998
0 197.59879740000002
2 197.9820641
1 198.16731520000002
3 198.35108209999999
5 198.53673500000002
4 198.73883089999998
0 198.9084395
2 199.2926097
1 199.61501399999997
3 199.8374055
5 200.02071180000002
4 200.20821890000002
0 200.5110449
2 201.8843486
3 202.2412129
5 202.58251589999998
3 202.9507527
4 203.15620380000001
2 204.2974153
1 204.46488770000002
0 204.66827990000002
2 204.84727370000002
1 205.1851575
3 205.5529014
5 205.7187068
4 206.0600781
