Header
0 0.7667406999999997
2 1.0032215999999998
1 1.2059034000000004
4 1.8002815000000005
2 1.987737300000001
3 2.2937931000000003
5 2.5835462000000007
4 2.990104800000001
4 3.189630000000001
0 3.782164400000001
2 4.0186624
1 4.2897873
4 4.561758900000001
0 4.798526500000001
5 5.0557278
4 5.620360699999999
1 5.8641465
3 6.3073555
2 6.527749100000001
4 6.983564699999999
4 8.779050000000002
3 9.018850700000002
3 9.255373299999999
2 9.478287900000002
5 9.784276900000002
4 9.9889623
0 10.244246799999999
2 10.468900000000001
1 10.8224142
4 11.0737639
3 11.294155
1 11.5293532
5 11.546384100000001
4 11.835721500000002
3 12.056717800000001
0 12.1250225
3 12.4289856
2 12.615683100000002
0 12.873757300000001
1 13.0595267
5 13.093446
4 13.381411700000001
3 13.6038313
2 13.806550300000001
4 14.095303600000001
3 14.3594
2 14.5819497
4 14.837200500000002
1 15.047936799999999
2 15.3548379
5 15.5789057
3 15.859253299999999
4 16.067516
1 16.2950157
3 16.8385656
2 17.0262128
5 17.296734700000002
0 17.3492192
4 17.637188300000002
3 17.8775443
1 18.0640303
5 18.3181507
4 18.5943431
2 18.8487815
0 18.8826983
3 19.0873542
4 19.2723361
1 19.4936656
5 19.7673678
2 20.007801699999998
5 20.297862
3 20.298274600000003
4 20.556252599999997
0 20.7926617
4 21.0300677
1 21.271055899999997
3 21.3217429
5 21.561197699999997
0 21.831516599999997
2 21.848043999999998
4 22.0669778
3 22.3231528
5 22.561002
1 22.5779246
4 22.814920599999997
3 23.070761899999997
2 23.308916200000002
1 23.835538000000003
4 23.9736972
2 24.360775900000004
5 24.634200600000003
0 24.852805300000004
4 25.0737627
1 25.3112733
3 25.5546798
5 25.829012799999997
2 26.028488900000003
4 26.283834199999998
1 26.5538961
2 26.7705028
0 27.010074499999998
2 27.215349300000003
1 27.455721899999997
2 27.7429234
0 27.996277099999997
2 28.249574
1 28.539050800000002
4 28.7979199
3 29.037882399999997
5 29.2651615
4 29.5219031
2 29.758646700000003
5 30.012117200000002
3 30.300145699999998
4 30.5287964
1 30.763256199999997
3 31.173630999999997
5 31.358779600000002
2 31.632560899999998
4 31.8729743
0 32.1103385
2 32.3552586
1 32.6294403
0 32.917495
2 33.15825409999999
1 33.397144600000004
4 33.605101000000005
5 33.8268992
1 33.946751000000006
3 34.0333674
2 34.2717074
4 34.513926299999994
5 34.769564
1 35.006642600000006
3 35.244759099999996
4 35.570569500000005
2 35.757102599999996
5 36.0349846
3 36.306489600000006
2 36.429167199999995
4 36.5633787
0 36.798571300000006
5 37.1001904
1 37.321695500000004
3 37.55813500000001
2 37.762618
4 37.9825809
1 38.256213599999995
5 38.5394692
3 38.8137481
4 39.037191500000006
2 39.7263399
5 39.896144699999994
3 40.137170499999996
4 40.443208299999995
0 40.800563499999996
2 41.123714500000006
1 41.327867999999995
4 41.5808188
3 41.830022799999995
5 42.079472499999994
1 42.2842359
4 42.54388590000001
2 42.7513115
5 43.006493500000005
1 43.1615091
3 43.41612430000001
4 43.7622109
5 44.0520858
3 44.3573342
5 44.5966033
0 44.7905643
2 45.039470300000005
1 45.176298700000004
3 45.485198
5 45.743727199999995
1 45.9790019
4 46.1146432
3 46.37089709999999
2 46.573646
5 46.789887500000006
0 47.0117477
3 47.164411400000006
2 47.2656544
4 47.486769499999994
1 47.624014900000006
3 48.0276557
0 48.2312558
5 48.453412099999994
2 49.3068308
0 49.579955299999995
1 50.0727143
3 50.5991176
5 50.81987719999999
4 51.0906605
3 51.207477999999995
5 51.5466747
1 51.7876722
4 52.0090783
2 52.2628766
5 52.499947899999995
0 52.8400249
3 52.85698959999999
5 53.1282348
4 53.247942699999996
1 53.485284699999994
2 53.72427309999999
3 53.965669399999996
5 54.25944509999999
1 54.4886877
4 54.7349978
1 55.1600739
5 55.2447595
3 55.534048299999995
0 55.737767899999994
4 56.02667679999999
6 56.2491969
347.0 56.694417200000004
228.0 57.44752299999999
60.0 58.60295669999999
193.0 59.41496579999999
417.0 60.7539869
347.0 61.5738499
179.0 62.5913037
53.0 63.55957579999999
221.0 64.56701079999999
403.0 65.4313731
290 66.7598604
178 67.6452612
129 68.766362
290 69.5808133
444 70.43306729999999
234 71.3686122
115 71.8927801
6 72.4042414
0 72.8092533
2 73.30011209999999
1 73.8750692
1 74.8790688
3 75.2898131
1 75.79164109999999
4 76.26408839999999
5 76.9455747
3 78.594185
4 79.0848809
0 79.8685053
1 80.3115232
1 80.9041072
2 81.1573081
3 82.3949963
2 82.74138219999999
3 83.0599659
1 83.29691079999999
4 83.4823818
0 83.925049
5 84.29874939999999
0 84.5719762
3 85.417597
1 85.6273662
4 86.1557607
1 86.5799072
1 86.83619139999999
2 86.90612689999999
4 87.3966238
5 87.9551245
0 88.2066871
5 88.8691985
1 89.2404298
4 89.4983773
2 89.80484969999999
3 91.4631753
5 91.9731036
3 92.25860469999999
0 92.7881943
0 93.2599654
0 93.7845777
0 94.32812179999999
3 94.51239699999999
0 94.7707467
4 95.0421527
0 95.2667835
5 95.5383724
0 95.7899572
0 96.2933233
1 96.73487949999999
1 97.2456601
1 97.8121592
3 98.0517497
1 98.2729757
4 98.559304
1 98.766801
5 99.0730037
1 99.27452
3 99.5298104
2 99.749798
4 100.035505
5 100.29054529999999
5 100.8201079
3 100.820826
0 101.26168919999999
2 101.2622425
1 101.56810039999999
4 101.5850608
3 102.1110456
2 102.33072949999999
5 102.8430985
0 102.8435466
3 103.16551299999999
1 103.50772549999999
4 103.5246346
5 103.7660786
3 103.7830316
2 104.0563741
4 104.27438819999999
5 104.5309329
3 104.7880296
0 104.80529419999999
5 104.8221212
4 105.2640175
1 105.55728239999999
3 105.8363131
2 106.08962249999999
4 106.3267388
1 106.8015432
4 106.8194323
3 107.12714249999999
2 107.4720784
5 107.47373809999999
4 107.7905863
0 108.0309639
5 108.3181815
3 108.3351709
1 108.3518641
4 108.56958279999999
2 108.8241319
5 109.3308321
3 109.34784789999999
1 109.6073937
4 109.8404589
0 110.1333638
2 110.37193909999999
1 110.8448131
3 110.8453852
4 111.5068668
2 111.52284929999999
5 112.10059989999999
0 112.16930169999999
3 112.39085779999999
1 112.8672369
4 112.8851844
5 113.3637747
2 113.6198677
1 114.20952249999999
5 114.75687909999999
1 114.77387709999999
4 115.06156779999999
0 115.0785085
3 115.7773876
0 115.793678
5 116.0445338
1 116.35724029999999
4 116.56067309999999
2 116.64550849999999
3 116.81704029999999
0 117.20576390000001
5 117.53185549999999
3 117.81912580000001
1 117.8535859
4 118.08778499999998
5 118.3260203
3 118.63156690000001
0 118.80141009999998
2 118.81941629999999
5 119.12527149999998
3 119.14185640000001
1 119.5393151
4 119.57512369999999
4 119.85949839999999
2 120.05209559999999
3 120.2943757
5 120.58469329999998
0 120.82523529999999
2 120.8258914
5 121.12818119999999
3 121.1453361
1 121.5058379
4 121.78973219999999
2 121.99401239999999
5 122.24772990000001
3 122.5066811
2 122.7463086
0 122.76290579999998
5 123.0030876
3 123.02025859999999
4 123.29255729999998
1 123.5166297
3 123.72433360000001
2 123.98642259999998
0 124.34176889999999
5 124.7992001
3 124.81630589999999
0 125.1050297
2 125.12487850000001
4 125.48745709999999
1 125.70852570000001
3 126.01471
2 126.23333709999999
3 126.67637069999999
5 126.69428810000001
2 127.0305675
0 127.0311597
4 127.40743579999999
1 127.6476685
3 127.93931199999999
0 128.2954454
5 128.73840750000002
3 128.7558458
2 129.1370837
0 129.17003540000002
4 129.4773127
1 129.7156094
5 129.9923812
3 129.9934867
2 130.2640399
4 130.4992698
1 130.7399665
5 130.9773907
3 131.2028146
4 131.4923196
5 131.7313656
0 131.9873259
2 131.98783640000002
4 132.2292863
3 132.5331108
1 132.75233920000002
5 133.093195
3 133.4033838
4 133.60756650000002
2 133.858911
5 134.0790365
1 134.2997824
4 134.55633830000002
0 134.77939320000002
3 135.0538021
2 135.5853839
1 135.87380050000002
5 136.0917641
4 136.56696440000002
2 136.8221411
3 137.10835920000002
5 137.3339716
1 137.53535720000002
4 137.790672
5 138.09795720000002
3 138.3179339
2 138.61948660000002
4 138.6199985
5 139.0730071
1 139.32781350000002
3 139.5819006
0 139.80449280000002
5 139.9750792
2 140.22638080000002
4 140.448576
1 140.7533242
3 141.075142
5 141.2823907
4 141.5578467
2 141.83188850000002
3 142.0526447
1 142.29220070000002
5 142.5150782
0 142.7552674
4 143.0934702
3 143.3507668
5 143.5571945
1 143.758542
4 144.0160396
2 144.2389266
3 144.5109927
0 144.7974167
5 145.0834647
2 145.28684220000002
4 145.5244462
1 145.7958481
3 146.02813700000002
5 146.2963606
4 146.5683328
2 146.82327260000002
3 147.06006100000002
5 147.31541140000002
4 147.5537971
0 147.5706634
3 147.8145928
2 148.0371121
5 148.3151621
1 148.51982940000002
6 148.7566083
107.0 148.9927029
247.0 149.71095160000002
443.0 150.6619774
297 151.6483398
59 152.77447740000002
0 153.5420592
140 154.3907196
343 155.4278064
6 156.34091850000002
0 156.7814908
2 157.08981
1 157.31202040000002
5 157.5794788
4 158.0201757
2 158.32548390000002
3 158.54642420000002
5 158.80475460000002
4 159.0793591
3 159.1814673
5 159.4763633
1 159.5272021
4 159.76453980000002
3 160.03129560000002
2 160.26992570000002
5 160.3205943
4 160.55907140000002
0 160.8306694
2 160.8814901
0 161.25161730000002
2 161.26884040000002
3 161.5147828
2 161.9228573
0 161.9401091
5 162.10916540000002
0 162.3308603
2 162.3475232
4 162.6132322
1 162.8245961
5 163.09579910000002
2 163.1957797
3 163.4999525
4 163.8045894
1 164.04615510000002
5 164.31541610000002
3 164.5368869
0 164.7739526
2 164.79113180000002
4 164.82490860000001
5 165.2668415
1 165.5477418
3 165.5653473
4 166.0432409
2 166.2943884
5 166.7872661
0 166.8224357
3 167.1113311
4 167.19714770000002
5 167.5251969
1 167.5258914
3 168.02517930000002
2 168.2837944
4 168.31771500000002
5 168.5718136
0 168.8408234
5 169.10854270000002
4 169.22658470000002
1 169.51450250000002
3 169.7730218
2 170.0442466
4 170.3177216
1 170.57382560000002
5 170.82715090000002
3 171.1223673
4 171.2058313
5 171.56258880000001
2 171.7851123
4 172.0562174
2 172.0902165
1 172.27553970000002
3 172.5293552
0 172.7643126
2 172.8661379
5 173.1561188
3 173.1569935
1 173.4624928
4 173.74840780000002
2 173.9212167
3 174.20512720000002
5 174.45876410000002
0 174.69824730000002
2 174.7171342
3 174.7347305
5 174.7364817
1 175.1810337
4 175.5402573
2 175.76090570000002
3 175.9826509
1 176.1756881
5 176.3775545
0 176.69870590000002
5 176.7157544
3 176.7327141
2 176.7332585
4 177.0393837
1 177.3951518
3 177.6691711
5 177.89651030000002
4 178.1179056
2 178.3080807
3 178.5434754
0 178.7646243
5 178.9524704
2 178.9707994
1 179.1764848
4 179.48434450000002
2 179.7048211
3 180.0299186
5 180.24819810000002
1 180.26513830000002
4 180.53517770000002
0 180.7377305
3 181.0432553
2 181.196266
5 181.5027392
4 181.7919324
1 182.0300199
3 182.29954980000002
5 182.31632240000002
4 182.5719046
2 182.84394220000001
5 183.04745200000002
0 183.3271952
4 183.5706474
1 183.77403030000002
3 183.9665338
5 184.20715420000002
4 184.46187890000002
0 184.69838420000002
2 184.7343669
5 185.11453400000002
3 185.13171390000002
1 185.41072250000002
4 185.63138550000002
3 185.953536
5 186.22876620000002
2 186.29631890000002
4 186.5329744
3 186.7952314
1 186.9998208
2 187.35717530000002
0 187.4416629
4 187.62734790000002
1 187.8158866
3 188.11557470000002
5 188.1315706
4 188.3515404
0 190.2823984
