Header
0 5.665215000000002
2 7.8227156
4 10.253728
5 11.683252900000001
1 12.9953719
3 14.151628400000002
5 15.3032497
0 16.4229395
2 17.713746200000003
4 19.9670816
1 22.3549195
5 24.5022942
2 26.9685354
4 29.181146000000005
0 30.4059297
3 31.6583027
1 32.7618498
5 34.104370200000005
2 35.2277713
4 36.2965492
0 37.639443500000006
2 38.746246500000005
4 39.850264100000004
5 41.037602400000004
3 42.212062700000004
1 43.3661255
0 45.809681000000005
5 48.1043043
3 48.1390991
0 50.430784100000004
2 50.4312504
1 52.77589580000001
4 52.7928569
5 55.125913000000004
3 55.142869499999996
0 57.53559980000001
2 57.5526939
5 58.657141900000006
3 58.6575542
1 59.880401299999996
3 59.91428870000001
2 61.020030600000005
4 61.0210219
0 62.24447610000001
2 62.27876940000001
5 63.4043685
3 63.4211415
4 64.6119375
1 64.62887959999999
0 66.92464869999999
1 68.08294319999999
2 69.25487539999999
3 70.4084326
4 71.6162684
5 72.7687677
4 73.97412469999999
3 75.2030202
2 76.3054997
1 77.4260726
0 78.65100249999999
2 79.8058494
3 80.97726019999999
5 82.2000094
4 83.37145989999999
1 84.5961957
5 85.752479
0 88.2015692
2 88.72986949999999
1 90.0894139
3 90.5321927
5 91.0243988
4 92.28200299999999
0 92.84299879999999
2 93.4023363
3 94.55790119999999
5 95.1534777
1 96.94219819999999
4 97.5027173
5 99.3198199
3 99.9480535
2 101.59716829999999
0 102.20906529999999
4 103.9254892
1 104.5535525
2 106.2728909
5 106.902638
3 108.061444
0 109.30414839999999
1 110.43995919999999
5 111.58072519999999
3 112.76938109999999
4 113.9082701
0 116.32244519999999
2 117.37531459999998
1 118.66963779999999
4 119.70257339999999
5 121.0432803
3 122.164415
4 123.3363476
2 124.4406308
6 124.86560529999998
124.0 125.70201379999999
222.0 126.94229929999999
355.0 128.20041070000002
124.0 130.50079340000002
236.0 131.60705140000002
348.0 132.75153020000002
348.0 135.1516008
257.0 136.29155680000002
145.0 137.41520640000002
145.0 138.76114130000002
250.0 139.88792320000002
320.0 141.0300242
320.0 142.2930412
6 144.0478103
2 144.6581281
0 144.67523780000002
5 145.79734390000002
3 145.7978908
2 146.9369313
0 146.95406110000002
3 148.1098952
5 148.12688350000002
2 149.37061300000002
0 149.3876432
3 150.4432385
5 150.4602285
4 151.6323261
1 151.6492014
0 153.96163140000002
2 154.5571667
4 155.7496179
1 156.3603143
5 156.95377870000002
3 158.0928127
2 158.6534882
0 159.2837082
1 160.4396126
4 161.0472259
5 161.62774530000002
3 162.8505168
0 163.4975123
5 164.6686104
1 165.2291916
4 165.7796092
2 167.50008200000002
3 168.10971750000002
0 169.9615565
2 170.50206880000002
5 171.6621495
4 172.7606662
1 173.91306170000001
2 175.12834510000002
5 177.42695120000002
4 178.63126010000002
3 179.37298370000002
2 179.9796291
1 180.43828150000002
0 181.0305773
2 181.669664
5 182.2648531
3 182.26560410000002
0 182.8076828
4 183.4680151
3 183.4685068
1 184.0288406
5 184.619313
3 184.6359726
2 185.1948299
4 185.7852209
3 185.802165
0 186.3591992
5 186.9398985
3 186.94103760000002
1 187.4996575
3 188.0937182
4 188.1096764
2 188.7044332
5 189.3041302
3 189.3209885
0 189.879116
4 190.50640330000002
3 190.5076256
1 191.0859001
5 191.64867130000002
3 191.649204
0 192.2132674
2 192.2297296
4 192.8326168
1 192.83317680000002
5 193.38713760000002
3 193.38769430000002
0 194.00163320000001
2 194.0378105
1 194.61615020000002
4 194.6331734
5 195.2342089
3 195.2509153
2 196.37551150000002
0 196.376138
0 196.7937124
1 197.4700286
4 197.4708282
5 198.6603148
3 198.6608769
2 200.21454980000001
4 200.4614363
0 201.12039610000002
