Header
0 0.39964349999999627
2 0.5863580000000042
1 1.008361199999996
3 1.4682994000000065
5 1.7286890000000028
4 2.034738500000003
0 2.615518800000004
2 2.8514564000000036
1 3.106833800000004
3 3.4159820999999937
5 3.6879834000000074
4 4.008456800000005
0 4.636367800000002
2 4.768029499999997
1 4.886667599999996
3 5.138443300000006
3 5.545312800000005
5 5.784049199999998
4 5.868299399999998
2 6.138846599999994
0 6.667310499999999
2 6.768135799999996
1 6.887180099999995
3 7.144358299999993
5 7.4344408999999985
0 8.635695600000005
1 9.6533831
2 10.555850399999997
3 12.553301300000001
4 13.458580999999995
5 14.5301635
0 16.621749500000007
1 17.491026500000004
2 18.608492799999993
4 20.422802200000007
1 21.5599153
3 22.590555499999994
2 23.608187400000006
5 24.625149399999998
1 25.584738599999994
4 26.591565900000006
2 27.558148099999997
3 28.586461
0 29.4897268
1 30.701713400000003
4 31.427812799999998
6 32.004475299999996
347.0 32.54520290000001
284.0 33.582545800000005
109.0 35.663144200000005
256.0 37.636108699999994
368.0 39.607458199999996
242.0 41.4598812
137.0 43.4811596
277.0 45.5065132
396.0 47.501039199999994
6 47.860406299999994
0 48.6024965
2 48.71880710000001
1 49.074632300000005
3 49.643058100000005
5 49.7972556
4 50.0375875
1 50.647716700000004
4 51.6668657
0 52.6609534
2 52.881403500000005
1 53.0688784
3 53.5777324
5 53.746161400000005
4 54.036006799999996
1 54.631675400000006
4 55.5793972
0 56.6678517
2 56.75342070000001
1 57.0278019
3 57.59747449999999
5 57.73204249999999
4 58.0190908
0 58.6036395
5 59.6756678
0 60.64716399999999
2 60.750156399999995
1 61.00502100000001
3 61.65235790000001
5 61.755043799999996
4 62.026390199999994
2 62.6478915
3 63.72758090000001
2 64.69333160000001
0 64.69397919999999
5 66.68520439999999
3 66.6857609
4 68.64389630000001
1 68.6607906
0 70.6256134
2 70.64238150000001
4 72.56974670000001
1 72.5993118
5 74.6256757
3 74.6425655
4 76.63783389999999
1 76.6707516
2 77.65207149999999
3 77.66852619999999
5 78.63976190000001
4 78.7257143
0 79.58965239999999
1 79.59015430000001
3 80.70754810000001
2 80.7081577
3 81.6749386
4 81.7255507
1 82.66745580000001
2 82.66860469999999
0 83.6400138
5 83.67633959999999
0 84.6367269
2 84.82306910000001
1 84.9597011
3 85.22881869999999
5 85.8769922
4 86.16944199999999
0 86.63351530000001
2 86.7689439
1 86.9248208
3 87.1758886
5 87.8713038
4 88.15976020000001
3 88.67125019999999
5 88.7734546
4 88.8911686
0 89.6391669
1 90.13572509999999
3 90.6025227
5 90.70390200000001
4 90.88873819999999
2 91.61799029999999
0 92.5364947
2 92.6541276
1 92.7998046
3 93.12415840000001
5 93.6516635
4 93.92519399999999
2 94.16157489999999
0 94.60524059999999
2 94.740755
1 94.86071220000001
3 95.10029770000001
5 95.5973336
4 95.8873209
2 96.1268424
3 96.6693953
5 96.77120520000001
4 96.91281629999999
1 97.1677585
2 97.6711917
3 97.9325511
4 98.6246571
5 98.7613778
3 98.86391239999999
1 99.6470235
4 99.9029417
2 100.0910048
3 100.3316373
5 100.6022386
0 102.32686500000001
