Header
0 3.385202100000015
2 3.7485967000000073
1 3.8952418999999736
3 4.11339989999999
3 4.800806999999963
5 5.141252399999985
4 5.29870619999997
2 5.487656399999992
0 6.2375648999999385
2 6.569144699999924
1 6.739084199999979
3 6.9198145000000295
3 7.627280199999973
5 7.9833337999999685
4 8.132246399999985
2 8.33718609999994
0 9.047002599999928
2 9.397084399999926
1 9.567364300000008
3 9.750795700000026
3 10.488433200000031
5 10.813333599999964
4 10.996752199999946
2 11.177016299999991
0 11.852222799999936
2 12.054583399999956
1 12.238025499999935
3 12.401711699999964
5 12.578809999999976
4 12.74066700000003
0 13.304507599999965
2 13.482867899999974
1 13.652098499999965
3 13.800207199999932
5 13.98671319999994
4 14.324481799999944
0 14.689467700000023
2 14.846154399999932
1 15.029265899999928
3 15.221645999999964
5 15.382423899999935
4 15.580683499999964
0 16.12874809999994
2 16.324568799999952
1 16.48432939999998
3 16.830924900000014
5 16.99198149999995
4 17.195266699999934
0 17.523128199999974
2 17.68967509999993
1 17.848585800000023
3 18.269205499999998
5 18.42758249999997
4 18.620579799999973
3 18.993421000000012
5 19.13533259999997
4 19.338318699999945
0 19.70203939999999
2 19.85256389999995
1 20.032222299999944
3 20.38455429999999
5 20.53027959999997
4 20.72959519999995
0 21.049017100000015
2 21.260102200000006
1 21.408542199999943
0 21.79714309999997
2 21.97842079999998
1 22.16651969999998
3 22.515540999999985
5 22.643483399999923
4 22.849143599999934
0 23.160452899999996
1 23.854834499999924
2 24.535090500000024
3 25.298523899999964
4 25.98224629999993
5 26.698109700000032
3 27.41175499999997
4 28.1060794
0 28.80782590000001
2 29.1581099
1 29.34157199999993
3 29.53871849999996
3 30.232468400000016
5 30.582527899999945
4 30.782682099999988
2 30.983489200000008
0 31.63750129999994
2 31.99523160000001
1 32.142411299999935
3 32.37321850000001
3 33.04207659999997
5 33.36736450000001
4 33.573440199999936
2 33.74032979999993
0 34.440989599999966
2 34.792412600000034
1 34.98353839999993
3 35.185214900000005
1 35.875420599999984
4 36.298540900000035
2 36.44402530000002
3 36.647080399999936
0 37.28974410000001
5 37.6581721
1 37.804378799999995
4 37.98918589999994
0 38.67936480000003
2 38.88588470000002
1 39.0281258
3 39.23027130000003
5 39.3984547
4 39.59765070000003
0 40.1065509
1 41.4535204
2 42.892182299999945
3 44.29821149999998
4 45.07447400000001
5 45.239834799999926
3 45.446260499999994
4 45.61842939999997
0 45.784385499999985
1 47.09497279999994
2 48.53523280000002
3 49.819333599999936
4 50.13881259999994
5 50.30272789999992
4 50.50140149999993
3 50.88051799999994
4 51.0594122
0 51.41771259999996
2 51.77132469999992
1 51.93751659999998
3 52.175022499999955
5 52.41662710000003
4 52.532941100000016
0 52.71927649999998
2 53.246165099999985
1 53.417113900000004
3 53.85245539999994
5 54.055102799999986
0 54.64157620000003
2 54.81330589999993
1 54.95002249999993
3 55.12914030000002
5 55.32797049999999
4 55.49319019999996
3 55.94906979999996
4 56.32810380000001
3 56.71766679999996
0 57.0349698
2 57.3861819
1 57.54884809999999
3 57.788011900000015
4 58.3174573
0 58.871300399999996
2 59.05475709999996
1 59.2125575
3 59.394747800000005
5 59.56739270000003
4 59.72649630000001
0 60.24990589999993
2 60.44100500000002
1 60.58416
3 60.78906180000001
5 60.9624556
4 61.14535409999996
2 61.999010099999964
1 62.34208269999999
5 62.718018099999995
3 62.71905730000003
0 64.09129680000001
2 64.09219189999999
1 65.49738890000003
4 65.49879599999997
0 66.9457873
5 66.9470126
2 68.313219
3 68.33319629999994
1 69.68273979999992
4 69.68393919999994
2 71.17019659999994
5 71.1880648
0 71.18874270000003
3 71.2026472
0 72.55708259999994
1 72.57641939999996
4 73.318892
5 73.33590500000003
1 74.09629129999996
2 75.39981019999993
3 76.78437359999998
4 78.2284439
1 79.65884779999999
2 79.65967179999996
4 81.01698709999994
3 81.01785440000003
5 82.46348660000001
3 82.48231579999992
2 83.20473119999997
0 83.22416399999997
4 83.92803700000002
1 83.92887429999996
2 84.57500019999998
3 84.59441119999997
0 85.24957210000002
1 86.65527079999993
1 88.08422199999995
2 89.55024609999998
3 90.2651836
4 90.44449889999999
5 90.60051939999994
0 90.9722074
0 91.57185029999994
1 92.32751009999993
1 92.85189119999995
2 93.74167219999993
2 94.29677119999997
3 95.1770669
3 95.69879860000003
4 95.88999130000002
5 96.26727229999995
0 96.58192050000002
1 97.98633849999999
1 98.54167769999992
2 99.40206060000003
2 99.96161359999996
3 100.81631129999994
3 101.36115589999997
6 102.05249960000003
267.0 102.42487259999996
267.0 102.83230170000002
211.0 103.6126286
211.0 104.12366380000003
106.0 104.9676035
106.0 105.52824659999999
260.0 106.36246870000002
260.0 106.92050710000001
