Header
1 3.5084657999999997
0 3.5091175999999997
2 4.950393799999997
3 4.968397999999997
4 6.432949499999999
5 6.4334785
0 7.9176641
1 7.934608399999998
3 9.4197496
2 9.420324399999998
4 10.862286400000002
5 10.862960899999997
0 12.398252
1 12.398890600000001
3 13.854487499999998
2 13.8714711
4 14.5821015
5 14.599019999999996
2 15.394072099999995
0 15.395003199999998
1 15.410754699999998
3 16.788094
4 16.788683
5 16.804990499999995
2 18.308374999999998
0 18.326348199999998
1 18.326949499999998
5 19.7512513
4 19.751723999999996
3 19.768386299999996
0 21.2555876
2 22.5791872
1 22.9496454
3 23.3382694
5 23.5236419
4 23.6736741
0 24.199311299999998
2 25.5348647
1 26.3842297
3 27.1636412
5 27.8810005
0 28.625072799999998
2 29.401225499999995
1 30.135531899999997
4 30.7977171
3 31.5465673
5 32.343226699999995
0 33.0923314
2 33.8158242
1 34.5812283
3 35.2196882
2 35.9734699
4 36.7707678
3 37.4908192
5 38.2022519
0 39.0467113
2 39.4180638
1 39.5842773
3 39.7677896
3 40.483630399999996
5 40.81539
4 41.0018715
2 41.2033631
0 41.9637313
2 42.301665299999996
1 42.5053621
3 42.6929534
3 43.4009726
5 43.771038000000004
4 43.9243647
2 44.1126215
0 44.9598292
2 45.3177096
3 45.7046321
5 46.0756464
1 46.4480233
4 46.7806202
2 47.1047126
3 47.504844500000004
0 47.93000429999999
3 48.3304675
1 48.753978000000004
2 49.0744208
4 49.396570499999996
3 49.735219900000004
5 50.08961789999999
0 50.881653400000005
2 51.055166799999995
1 51.2207523
3 51.608689600000005
5 51.998679499999994
4 52.3563525
0 52.3742573
2 53.901483
1 53.902154800000005
3 54.60450109999999
5 54.9792384
0 55.36457109999999
4 55.365090800000004
3 56.460238000000004
5 56.829708
1 56.8459682
4 57.5587774
3 57.893535799999995
5 58.28910259999999
0 58.289705600000005
4 58.6554105
3 59.026441000000005
4 59.7684158
1 59.785394999999994
5 60.56260449999999
3 60.9019038
4 61.1881949
2 61.270915900000006
5 62.574324399999995
3 63.423121699999996
4 64.2122485
0 64.2292184
5 65.28633789999999
1 65.64245869999999
4 65.6593854
3 66.4362661
5 66.78930199999999
2 67.1479612
4 67.1653468
3 68.6001535
5 68.6160872
0 68.6330174
3 69.3620076
4 69.747614
5 70.15666949999999
1 70.15718869999999
4 70.5314699
3 70.8901018
2 71.64678789999999
4 71.6635034
5 72.3718158
3 73.0591996
0 73.1273143
4 73.4848331
5 74.3980474
1 74.6027267
4 74.7865364
2 75.2973614
0 76.048708
2 76.3991381
1 76.5515258
3 76.7854291
5 76.9908398
4 77.1404446
0 77.32975139999999
2 77.6705335
1 78.0821492
3 79.0511083
5 79.3882141
4 79.5763364
0 79.7964321
2 79.9874031
1 80.1939143
3 80.3943424
5 80.6985602
4 81.0386489
0 81.9818385
2 82.7699807
3 83.51100939999999
5 84.2263241
1 84.9167665
4 85.7194408
0 86.4498571
2 86.8561139
1 87.17988869999999
6 87.5998761
107.0 87.9209525
163.0 88.61611189999999
240.0 89.3320454
310.0 90.1683272
380.0 90.9834216
324.0 91.6134088
226.0 92.4134153
170.0 93.0430752
135.0 93.8579683
93.0 94.5401907
198.0 95.30522549999999
303.0 96.0382491
401.0 96.7522096
345.0 97.496875
233.0 98.1772783
233.0 98.4994147
233.0 98.855687
233.0 99.1950597
6 99.3986386
0 99.750282
2 100.10535829999999
1 100.51185339999999
3 101.1893895
5 101.4744207
4 101.7975175
0 102.75124269999999
1 103.4235771
2 104.06810779999999
3 104.9828938
4 105.3177491
0 105.6860101
2 106.0750164
1 106.4326328
3 107.04963109999998
5 107.42308580000001
4 107.8309891
1 108.67815309999999
4 109.03619350000001
3 109.40523979999999
5 109.75816970000001
0 110.1291538
2 110.31464240000001
1 110.48446600000001
3 110.86397179999999
5 111.2336034
0 111.6225597
2 111.79323570000001
1 111.99378270000001
3 112.38376810000001
4 112.73033500000001
0 113.0985425
5 113.87769669999999
3 114.21886980000001
1 114.5589864
4 114.59191990000001
3 115.3039989
5 115.67400489999999
2 116.0619496
4 116.0959026
3 117.1565212
0 117.52930249999999
4 118.3062426
5 118.6273136
0 119.01543389999999
3 119.0317437
5 119.04870190000001
4 119.35774260000001
3 119.7432602
1 120.0793537
4 120.5191517
2 120.53610339999999
5 121.27741780000001
3 121.6142516
3 121.78706620000001
0 121.95461920000001
4 122.27370660000001
4 122.4264879
0 123.50652219999999
2 123.8734496
1 124.06124559999999
3 124.2466112
5 124.60682949999999
0 124.96547159999999
4 124.96604649999999
2 125.3080806
1 125.674405
3 126.02948590000001
0 126.399466
5 126.41741320000001
2 126.80669429999999
1 127.1622632
3 127.17928199999999
5 127.5830825
0 127.9175576
4 127.9181195
2 128.30840260000002
1 128.68234999999999
3 129.03368719999997
0 129.4215607
5 129.43877279999998
2 129.81642570000002
4 129.8171094
1 130.15836480000002
3 130.1924323
5 130.88684669999998
0 130.90380520000002
2 131.24534
1 131.6177904
4 131.63475540000002
3 132.0057921
0 132.3827174
5 132.38319109999998
2 132.7553722
4 133.0914932
1 133.1094817
4 133.6668515
0 133.8503341
5 134.0174
5 134.2031693
2 134.2371936
1 134.55941840000003
0 135.24184409999998
2 135.51206009999999
1 135.71553289999997
3 136.06759499999998
5 136.25408169999997
4 136.46955939999998
0 136.7917637
2 137.16014339999998
1 137.34406330000002
3 137.5642575
5 137.7318298
0 138.15652319999998
2 138.5108009
1 138.8819249
3 139.25708600000002
5 139.42673029999997
4 139.61027330000002
0 139.7951377
2 140.16296670000003
1 140.36561819999997
3 140.57096510000002
5 140.72098469999997
4 140.9042397
0 141.12291729999998
2 141.46452929999998
1 141.8121752
3 141.99831640000002
5 142.1853698
4 142.4176064
0 142.7400492
2 143.1067867
1 143.49637360000003
3 144.22118849999998
5 144.54628810000003
4 144.95065649999998
0 145.7106708
2 146.04886249999998
1 146.4457787
3 146.83343459999998
5 147.1896426
4 147.54527660000002
2 147.931419
1 148.27107410000002
0 148.6563021
1 150.14987359999998
2 151.67444849999998
3 153.03945320000003
4 154.57640629999997
5 156.06929860000002
0 157.5844143
2 157.9839025
1 158.15253239999998
3 158.3534735
5 158.503694
4 158.65792829999998
0 158.84339490000002
2 159.21950809999998
1 159.40692489999998
2 160.5585823
2 160.7481085
2 160.9335921
2 161.25671720000003
3 161.89065419999997
3 162.19782759999998
3 162.40324729999998
3 162.5877484
3 162.7772875
6 164.02609999999999
218.0 165.0773724
127.0 166.28496890000002
225.0 167.78531279999999
379.0 169.28816439999997
288.0 170.6990596
50.0 172.26792210000002
169.0 173.66761680000002
330.0 175.2499236
381 176.8164071
171 178.38388559999999
304 179.67823979999997
80 181.21067119999998
220 182.5755676
360 184.0575233
129 185.52038320000003
311 187.133869
6 187.5929107
0 188.6827889
2 189.01787889999997
1 189.18463279999997
3 189.38805509999997
5 189.55477439999999
4 189.7375363
0 189.94484089999997
2 190.32276480000002
1 190.73125290000002
3 191.65357640000002
5 191.9737558
4 192.1619875
0 192.3824206
2 192.5681525
1 192.75432899999998
3 192.9527167
5 193.28877319999998
4 193.66206449999999
0 194.58703200000002
2 194.97049170000003
1 195.14291129999998
3 195.3594782
5 195.53206970000002
4 195.73477989999998
0 195.95466570000002
2 196.2570961
1 196.6917077
3 197.60154390000002
5 197.91949490000002
4 198.11855050000003
0 198.3039976
2 198.50375209999999
1 198.6895129
3 198.89406939999998
5 199.2168633
4 199.58692309999998
0 199.75644240000003
2 200.1644119
1 200.50794230000002
3 201.7691228
4 202.1402021
2 202.5843554
5 202.94154029999999
4 203.10757089999998
0 204.7543437
2 205.20883909999998
1 205.53099550000002
3 206.0708477
