Header
0 4.218494000000078
2 4.860537500000078
1 5.473175100000049
3 5.811164400000052
5 6.086560200000008
4 6.468879600000037
0 6.735623500000088
2 7.338498100000038
1 7.722482600000035
3 8.014128700000015
5 8.319570100000078
2 8.648247800000036
4 8.649921800000016
0 9.196416999999997
2 9.824913400000014
1 10.149735000000078
5 10.442339900000093
0 10.781725700000038
4 11.096514800000023
1 11.393779400000085
0 11.715865300000019
3 11.99558860000002
5 12.305169400000068
2 12.30640870000002
4 12.615788300000077
1 12.894525600000065
3 13.207198100000028
5 13.529428600000074
2 13.530889200000047
4 13.817885200000092
0 14.106542200000035
2 14.748692800000072
5 14.749700600000097
1 15.032706100000041
3 15.327074200000084
4 15.610090200000059
2 15.917850600000065
5 15.937915900000007
3 16.264367900000025
0 16.586718200000064
4 16.588856400000054
5 16.880346500000087
2 17.204951100000017
4 17.226281700000072
3 17.549343800000088
1 17.845206200000007
5 17.932001900000046
3 18.113863500000093
4 18.36844330000008
2 18.387861300000054
5 18.675517000000013
0 18.965317400000004
3 19.287474599999996
2 19.621787500000096
4 19.659882500000094
5 19.95693200000005
3 20.217097100000046
4 20.5384368
1 20.812636999999995
5 20.83224150000001
3 21.169814900000006
4 21.451360300000033
5 21.745109400000047
2 22.038604000000078
4 22.389352500000086
3 22.678064000000063
1 22.944748000000004
5 23.289588600000002
0 23.29007820000004
0 25.513341100000048
1 26.966329100000053
2 28.134997200000043
3 29.262439500000028
4 29.623734900000045
5 29.952864100000056
0 30.531263500000023
2 30.86585290000005
1 31.17995810000002
3 31.64816510000003
5 32.063974099999996
4 32.39912590000006
1 33.00878280000006
4 33.31148440000004
2 33.678880500000105
5 33.9931047
3 34.318494100000066
0 34.64184590000002
4 34.95601880000004
0 35.50509550000004
2 35.84383070000001
1 36.151003200000105
5 36.437633300000016
4 36.70681680000007
3 37.055783500000075
0 37.07413660000009
5 37.371981400000095
4 37.679501200000004
3 37.98671480000007
0 38.007172800000035
5 38.292826000000105
4 38.61944470000003
2 38.63767960000007
3 38.924089200000026
5 39.2072740000001
1 39.529836000000046
4 39.549548500000014
3 39.84032290000005
5 40.11751980000008
0 40.42589480000004
4 40.44291110000006
3 40.731490699999995
5 41.015214000000014
2 41.04901600000005
4 41.32512570000006
1 41.66200750000007
3 41.68922880000002
5 41.98307890000001
4 42.29260210000007
0 42.29358130000003
3 42.59770990000004
0 42.855996300000015
2 43.430856600000084
1 43.93382650000001
3 45.44665080000004
4 45.96845780000001
2 46.608272000000056
5 47.21289310000009
1 47.24931550000008
4 47.79510190000008
2 48.378299600000105
5 48.395794300000034
4 48.97915010000008
3 49.51044650000006
0 49.60406640000008
4 50.19394950000003
5 50.78775590000009
1 50.807404700000006
4 51.39629490000004
3 52.08321550000005
2 52.08417880000002
3 52.700792500000034
4 52.737478200000055
5 52.739424299999996
4 53.06681130000004
5 53.0685436
3 53.07006390000004
0 53.38759700000003
2 53.3897144
1 53.39130940000007
2 53.67972850000001
1 53.68117700000005
0 53.68237410000006
5 53.97470610000005
4 53.992997100000025
3 53.993861700000025
4 54.28301540000007
5 54.29885630000001
3 54.29956230000005
0 54.57645560000003
2 54.57727160000002
1 54.59753580000006
0 54.8722868000001
2 54.88996200000008
1 54.89041850000001
4 55.21654810000007
0 55.21788460000005
3 55.74239729999999
2 55.76043930000003
5 56.2892131000001
1 56.94157340000004
4 56.961040100000105
3 57.314045400000055
4 58.197937900000056
2 58.21579940000004
3 58.59316690000003
1 59.34464610000009
4 60.017280400000004
3 60.3288579
0 60.633023800000046
5 60.63387320000004
3 60.9747241
4 61.14536110000006
1 61.4930081
5 61.8638555
2 61.88230900000008
3 62.180077600000004
0 62.51497340000003
2 62.53098040000009
1 62.531745500000056
0 63.16054970000005
2 63.161520100000075
1 63.18289540000001
5 63.82030570000006
4 63.82115170000009
3 63.841117600000075
0 64.09403410000004
2 64.11337850000007
1 64.11413100000004
5 64.39403500000003
4 64.39483040000005
3 64.41495580000003
0 64.9234136
4 64.9480221
3 65.2614949
5 65.5254632000001
2 65.54991770000004
4 66.12869660000001
3 66.4331277
1 66.7294478
5 66.75035170000001
4 67.34302050000008
0 67.62209070000006
4 67.97768500000006
2 67.97844170000008
3 68.39289030000009
1 68.61778570000001
4 68.99123700000007
5 69.26874090000001
2 69.26956440000004
4 69.8665929
1 69.8673841000001
3 70.17433490000008
4 70.43347590000008
0 70.43427710000003
3 70.76763820000008
5 70.97029800000007
3 71.27547670000001
4 71.6613880000001
1 71.66272780000008
2 72.23141350000003
3 72.58342460000006
1 72.75779560000001
4 72.8854037000001
3 73.21200329999999
0 73.48908690000007
5 73.83744690000003
2 73.96927090000008
4 74.1207035000001
1 74.43002720000004
3 74.45054260000006
0 74.74368290000007
2 75.35788180000009
1 75.6244180000001
0 75.96778030000007
5 76.27234870000007
3 76.57158040000002
2 76.5918534000001
5 76.87162910000006
4 77.1796538000001
1 77.83967990000008
2 78.43000030000007
4 78.70041570000001
3 78.99328130000004
1 79.0282036000001
5 79.28005000000007
0 79.5594506000001
4 79.58174900000006
3 79.95326950000003
2 80.2162906000001
5 80.27166710000006
4 80.64956960000006
1 80.88044530000002
2 81.46495770000001
3 81.76967350000007
0 82.0339193000001
4 82.0749277000001
1 82.598701
5 82.61797260000003
4 83.20314930000006
2 83.29371470000001
3 83.6400331000001
1 83.88104970000006
0 84.20634370000005
2 84.53062729999999
1 85.10813730000007
1 85.76035960000002
4 86.07798290000005
3 86.37122640000007
5 86.59350890000007
0 86.91560330000004
4 86.9166954000001
2 87.55080080000005
1 88.1539646
4 88.47715300000004
3 88.7750992
5 89.06750420000003
0 89.36929430000009
4 89.39060270000004
2 89.95342560000006
1 90.66379490000008
0 91.27429510000002
2 91.84892050000008
1 92.39890060000005
0 93.04238310000005
2 93.38881000000003
1 93.69201410000005
3 94.31716030000007
4 94.76679410000008
5 95.4949428000001
0 96.95705710000004
2 97.5075855
1 97.86575720000008
3 98.09179300000005
0 98.40085310000006
2 99.16860100000008
1 99.52872300000001
4 99.78569330000005
0 100.25987310000005
2 101.08617939999999
1 101.27539020000006
5 101.4955923
0 101.89622480000003
2 102.69856290000007
1 102.91758190000007
3 103.14872660000003
0 103.58832370000005
4 103.60932910000008
2 104.33251960000007
1 104.68353330000002
5 104.90696150000008
4 105.31035910000003
0 105.32900570000004
2 105.97427370000003
1 106.3276677
3 106.54836140000009
0 107.03823690000002
2 107.65192740000009
1 108.0763379
4 108.30860700000005
0 108.75611620000006
2 109.38524300000006
1 109.7254805
5 110.0087886
0 110.4399416
4 110.44215970000005
2 111.02928400000008
1 111.50303810000003
3 111.72929160000001
4 112.13274450000006
0 112.13346610000008
2 112.7269166000001
1 113.19031080000002
5 113.3928224
0 113.82787910000002
4 113.84496020000006
2 114.47349780000002
1 114.96067030000006
3 115.14434510000001
4 115.37606590000007
0 115.58036340000001
5 115.6364228000001
2 116.21690980000005
1 116.66995600000007
4 117.26472840000008
0 117.28443270000002
2 117.89762670000005
3 118.47137880000002
1 118.66316170000005
4 118.70052020000003
5 118.851091
0 119.0699184
4 119.07071180000003
2 119.69048210000005
1 120.29789650000009
3 120.55816730000004
0 120.74477550000006
4 120.77890120000006
3 121.02073600000006
4 121.2281696
2 121.43482170000004
3 121.46869140000001
4 121.65098790000002
3 121.86265930000002
1 122.053632
0 122.50630840000008
3 122.52627430000007
4 122.9270295
3 123.19389690000003
2 123.19535340000004
1 123.67898170000001
0 124.19417140000007
4 124.21417860000008
2 124.80318920000002
3 125.1860385
1 125.451685
4 125.45250170000008
5 125.6929305000001
0 125.90407770000002
4 125.92761430000007
2 126.53428550000001
1 127.16648100000009
0 127.63235280000004
4 127.6523029
3 127.87497280000002
4 128.08599060000006
2 128.28491510000003
3 128.30483960000004
4 128.52033340000003
3 128.7347985
1 128.91411860000005
0 129.35276090000002
2 129.97997480000004
1 130.68732490000002
3 130.90688540000008
0 131.04872540000008
4 131.06579290000002
2 131.8440339
4 131.91372710000007
1 132.3308882
0 132.7481769000001
4 132.7666299
3 133.11990790000004
2 133.4588007000001
5 133.8770932000001
1 134.056782
4 134.0893145
0 134.48728030000007
3 134.91579430000002
2 135.1337311000001
4 135.3463541000001
3 135.66917810000007
1 135.7824481
4 135.85067460000005
0 136.14445550000005
2 136.91073140000003
5 137.24442470000008
1 137.44910820000007
4 137.67544310000005
0 137.87406600000008
2 138.48202290000006
4 138.75980570000002
3 138.88769380000008
4 139.0879678
3 139.2001699000001
0 139.5421897
2 140.0585195000001
1 140.28181410000002
5 140.41283140000007
4 140.59094720000007
5 140.8267830000001
4 140.93862220000005
0 141.3036522000001
2 142.09109290000004
1 142.40085340000007
0 143.00405150000006
4 143.02188290000004
3 143.3820214000001
2 143.7758881000001
1 144.05546460000005
0 144.2370383
0 144.7322951000001
2 145.4266692
4 145.82575670000006
3 146.02774040000008
5 146.25148790000003
0 146.5078641
4 146.5093888
2 147.12440960000004
4 147.54717870000002
3 147.7479839
5 147.951322
0 148.18232160000002
4 148.20202530000006
2 149.07678210000006
1 149.8954040000001
0 150.2299796000001
4 150.56368670000006
3 150.90305
5 151.19803180000008
0 151.6981595000001
2 152.27084790000004
4 152.6934314
3 152.92599860000007
1 152.9863577000001
5 153.14448720000007
4 153.34518720000005
0 153.36291920000008
2 153.96664750000002
4 154.42205310000008
1 154.62566060000006
3 154.64493600000003
5 154.83683140000005
0 155.05971620000003
4 155.06064360000005
2 155.8266291000001
1 156.32618290000005
4 156.7421826000001
0 156.7799175
3 157.12362740000003
4 157.43177260000004
2 157.4325517000001
5 157.7705694
4 158.0494959
1 158.05034350000005
0 158.5015161
3 158.72187250000002
4 158.9722064
4 159.326056
2 159.32683020000002
3 159.7377563
1 160.15045680000003
5 160.5720996
2 161.00782790000005
4 161.0465412000001
3 161.47274190000007
0 161.916017
4 162.2942111000001
1 162.68648900000005
5 163.12642490000007
2 163.56914470000004
4 163.9637838000001
3 164.4385734
1 164.45867800000008
0 165.25811090000002
4 165.68421680000006
2 166.20846470000004
3 166.21010410000008
5 166.5723035000001
1 166.98986380000008
4 167.03348440000002
5 167.4348027000001
4 167.86736240000005
2 167.88411300000007
3 168.27293380000003
0 168.73294510000005
4 169.1431288
4 169.60681880000004
2 169.60796850000008
3 170.0149848000001
1 170.41797480000002
5 170.43751650000002
4 170.89107620000004
2 171.1405535
3 171.3529267
4 171.51630180000006
3 171.9739386
0 172.1840724000001
0 172.82987750000007
4 173.2183857
3 173.43998820000002
1 173.441327
5 173.6750283
4 173.96564540000008
2 173.96654030000002
1 174.51465140000005
4 174.97363990000008
3 175.1993718
5 175.4437008000001
0 175.6124076000001
4 175.65004870000007
2 176.27315680000004
1 176.912597
5 177.3349326
0 177.35100840000007
4 177.780394
4 178.0018563000001
2 178.0376394000001
1 178.24280050000004
2 178.58821030000001
3 178.83440370000005
0 179.05582190000007
2 179.7321799
4 180.1274208000001
1 180.33185460000004
3 180.38812330000007
5 180.5565617000001
0 180.77189900000008
4 180.78861340000003
2 181.35645910000005
4 181.81470260000003
1 181.99971130000006
3 182.0451541000001
5 182.26756080000007
0 182.4759765
4 182.49502180000002
3 182.85497310000005
2 182.9990305
0 184.22172290000003
5 184.2466832
4 184.62680380000006
1 184.83390240000006
2 185.4200869
3 185.66275140000005
6 187.2170436
267.0 187.77232750000007
190.0 189.57565590000002
106.0 190.71018290000006
218.0 191.9905314
358.0 193.2276839000001
414.0 194.18980780000004
274.0 195.43476070000008
148.0 196.80232610000007
232.0 198.0327846
232.0 199.29992430000004
316.0 200.442361
134.0 201.69916060000003
57.0 202.8913569
232.0 204.2487483000001
330.0 205.35296700000004
246.0 206.8286035000001
148.0 207.68935770000007
344.0 209.0605471
6 209.52989710000008
2 210.30409580000003
1 210.62885990000007
0 210.9383779000001
5 211.5293411
4 211.82749
3 212.1809038
2 212.42808430000002
0 216.1077206
4 216.1407574000001
3 216.38596410000002
5 216.56687310000007
2 216.74397220000003
4 216.76292820000003
1 217.23217590000002
4 217.4602466
3 217.65813930000002
5 217.87460980000003
0 217.87568850000002
3 218.1604321000001
4 218.29236190000006
2 218.48496520000003
4 218.50434440000004
1 218.92993050000007
0 219.55344000000002
4 219.5734483
3 219.81431700000007
5 220.0422456
4 220.245948
2 220.31780850000007
4 220.4379186000001
3 220.6460184
1 220.82267710000008
5 220.87223400000005
4 221.06126030000007
0 221.2842495000001
4 221.30412790000003
3 221.49840840000002
5 221.70166820000009
2 221.92617810000002
4 221.94652700000006
1 222.5485093000001
0 223.0367526
4 223.03755380000007
3 223.26008990000003
3 223.47986780000008
2 223.6668469
3 223.70283060000008
3 224.06650380000008
1 224.26431550000007
5 224.28436570000008
4 224.5046159000001
0 224.7104587
4 224.72679800000003
3 224.93415920000007
5 225.16030130000001
4 225.36054360000003
2 225.4350072000001
3 225.78831880000007
1 225.96811490000005
5 226.00308240000004
4 226.20628940000006
0 226.42605680000008
4 226.44563920000007
3 226.63522210000008
5 226.82380560000001
4 227.06533810000008
2 227.2876510000001
3 227.43504110000003
5 227.59819460000006
4 227.946058
1 228.10725990000003
3 228.39254670000003
5 228.6190200000001
2 228.84081890000004
1 229.4149433
0 229.85380970000006
4 229.87403990000007
2 230.49525600000004
1 231.23818300000005
0 231.60816140000009
5 231.64612810000006
2 232.23940730000004
1 232.92368020000004
2 233.3562019000001
3 233.3568686000001
1 233.9882358000001
2 234.6127977000001
0 234.99577280000005
4 235.0154953
5 235.42780360000006
2 235.64580610000007
4 235.8943203
1 236.2553441
3 236.29326750000007
5 236.7573029
2 236.7931470000001
4 236.9237991
1 236.96313270000007
3 237.1376193000001
0 237.22881730000006
0 238.41710120000005
3 238.43654590000006
1 238.6546641000001
4 238.67413610000006
2 238.86718050000002
5 238.86796790000005
2 240.17511910000007
5 240.19617920000007
1 240.3951373000001
4 240.43195070000002
0 240.60746400000005
3 240.6413967000001
4 241.84443550000003
3 242.2599755
1 242.67414910000002
2 243.09235390000003
3 243.31991470000003
0 243.5856414000001
2 244.2290931
4 244.6506253
3 244.8449587
1 244.8642837000001
5 245.04558040000006
0 245.2914905
4 245.3078452000001
2 245.8837658
1 246.5413492
0 247.03408710000008
4 247.0717112000001
3 247.31291580000004
4 247.49569900000006
2 247.6943046
1 248.275439
3 248.7070149000001
0 248.72716020000007
5 249.02648870000007
2 249.35735680000005
4 249.3937697
1 249.73772500000007
0 250.43869170000005
4 250.45815190000008
2 251.05454250000003
3 251.52483330000007
1 251.72904830000004
4 251.76755830000002
5 251.9744518
0 252.13262070000007
4 252.15240690000007
2 252.8026116000001
1 253.399407
0 253.86190550000003
4 253.88096860000007
3 254.12581160000002
4 254.34072850000007
3 254.55247730000008
2 254.58994380000001
4 254.74753850000002
3 254.9695736000001
1 255.15737680000007
0 255.6302972000001
4 255.64971460000004
5 255.94399750000002
2 256.29005270000005
3 256.3248159000001
1 256.85752190000005
0 257.336221
4 257.3370757
2 257.9428025000001
4 258.34445160000007
1 258.56174740000006
3 258.61489630000005
5 258.80662040000004
0 259.04852000000005
4 259.0494576000001
2 259.6968647
4 260.0804746
1 260.2913079
3 260.3285403000001
5 260.52400710000006
0 260.7336239
4 260.752965
2 261.3961998000001
1 262.0142081
0 262.5180871
2 263.14447070000006
1 263.72360700000013
0 264.18150560000004
4 264.1829593
2 264.79709530000014
4 265.2692048000001
1 265.45358550000014
3 265.48687500000005
5 265.66505400000005
0 265.8892297
4 265.9105932
2 266.56620169999997
1 267.2142739000001
4 267.25268789999996
3 267.38453960000015
5 267.5020439
4 267.67817779999996
0 267.6976538000001
2 268.24315909999996
1 268.81016880000016
0 269.31894310000007
2 269.9347107000001
1 270.56384
2 271.04448960000013
4 271.046284
3 271.26593419999995
3 271.4850592
1 271.64621439999996
0 274.05546400000003
