Header
0 5.9191662
1 6.3916344
2 6.8010689
3 7.2095572
4 7.702673699999999
5 8.309805999999998
5 8.926241300000001
4 9.150492100000001
3 9.286886599999999
2 9.455667900000002
1 9.6231239
0 9.8794753
1 10.718232
2 11.1631642
3 11.4625715
4 11.618829000000002
5 11.824450600000002
3 14.1934674
2 14.311995200000002
1 14.4147171
4 14.535419000000001
3 14.7021077
4 14.8415213
5 14.9230004
0 14.991241500000001
4 15.163834000000001
3 15.299398
2 15.4520449
5 15.573702100000002
1 15.7096834
4 15.7941091
3 15.932719500000001
5 16.0853301
4 16.1871471
3 16.3781602
0 16.4629824
2 16.683216
1 16.9392323
4 17.040026400000002
3 17.3613291
0 17.4652228
2 17.7251578
1 17.9879597
4 18.1064775
0 18.4325813
5 18.7316082
0 19.011754800000002
4 19.1565955
1 19.481579500000002
3 19.7483083
2 19.9592059
4 20.175689900000002
1 20.3861505
0 20.5038994
2 20.7330826
1 20.9911036
5 21.125109300000002
3 21.469252
2 21.8140309
4 22.0144029
1 22.2702741
3 22.338092800000002
0 22.5123421
2 22.769967
1 23.0253801
5 23.298848
1 23.569703
4 23.6761006
2 23.779209
3 23.9768329
4 24.229229
0 24.536449
2 24.7947383
1 24.945320600000002
4 25.1842818
5 25.5627279
2 25.802548800000004
4 26.074671799999997
3 26.8313178
5 27.106459700000002
1 27.2937904
4 27.5992434
2 28.077834000000003
4 28.679765099999997
3 28.8658972
1 29.0700126
4 29.3976129
3 29.6865442
2 29.921434500000004
1 30.209440800000003
2 30.4278262
4 30.6923473
3 31.0672698
0 31.4448164
1 32.7371405
4 32.7541448
3 32.9961171
4 33.2231324
1 33.460515
3 33.4610307
4 33.7680346
3 33.8862995
1 34.0538697
4 34.1937661
5 34.779981
2 34.7805167
4 35.2042738
2 35.5147023
2 35.7915492
5 35.8253956
4 36.2196512
2 36.5931761
1 36.8501979
4 36.8670276
3 37.0549423
4 37.3263022
3 37.5621785
1 37.5791703
1 37.8352335
4 37.8691623
3 38.0958861
4 38.3421528
1 38.5315474
2 38.783759
5 38.8011674
4 39.218295
2 39.6277582
2 39.8993119
5 39.9167163
4 40.3417717
2 40.6326859
1 40.8937731
4 40.9108335
3 41.1381568
4 41.3983919
3 41.6215768
0 41.9068331
2 42.0114755
1 42.306579
3 42.5813162
1 42.8489344
4 42.866988400000004
3 43.1671672
5 43.3780877
4 43.6581071
2 43.6591544
5 43.9172909
1 44.1379408
3 44.2931409
4 44.6327059
0 44.9128703
2 45.155960300000004
1 45.4428912
4 45.6808403
2 45.9228172
3 46.0767718
4 46.3497189
1 46.4690746
5 46.9114606
3 47.046501
4 47.3199594
2 47.5768147
3 47.9160576
1 48.479647
0 50.036319400000004
4 50.3961659
3 50.803049200000004
1 50.8198904
5 50.872620500000004
2 52.0531427
3 52.4488791
0 52.9194045
4 52.937086
3 53.7051693
3 54.0972663
1 54.6277725
4 55.1548197
0 55.1552853
3 55.6097997
1 55.8858029
2 56.1295795
1 56.6264241
0 57.2060032
4 57.2229629
0 58.116592700000005
3 58.118232299999995
1 58.4960637
5 58.4976919
2 58.913023
4 58.9489728
1 60.1769241
4 60.19577090000001
5 60.452468
2 60.6966536
4 60.714241300000005
5 60.8568651
5 61.1326273
0 61.149053200000004
3 61.4026251
3 61.704808500000006
1 61.934397
4 62.197174
2 62.1984948
3 62.4539656
1 62.7993964
0 63.255334600000005
4 63.2718901
3 63.520961199999995
5 63.7475092
2 63.7646691
3 63.903300300000005
4 64.13838539999999
1 64.18828269999999
3 64.52976249999999
6 64.63435919999999
204.0 65.2494237
71.0 66.1181244
302.0 67.23789959999999
414.0 67.74775149999999
274.0 68.32451019999999
155.0 68.84074659999999
43.0 69.2826106
169.0 69.8591936
274.0 70.3681252
351.0 70.8615703
260.0 71.42304069999999
190.0 71.9512456
134.0 72.46263289999999
50.0 72.89070919999999
190.0 73.45322689999999
302.0 73.97589129999999
260.0 74.3509423
176.0 74.82940699999999
288.0 75.4271685
379.0 75.8665279
232.0 76.3924562
148.0 76.76771629999999
260.0 77.24549099999999
211.0 77.9945305
6 78.5416892
4 79.5647616
0 79.7704426
1 79.9928085
2 80.0998544
3 80.22201489999999
4 80.30692359999999
3 80.54939599999999
1 80.7358517
2 81.05669999999999
3 81.22664889999999
4 81.2954535
1 81.520495
3 81.77393409999999
2 82.0343339
4 82.1409834
5 82.26280589999999
4 82.5738421
0 82.7617361
3 82.9138074
2 83.03369169999999
5 83.28911489999999
0 83.56038059999999
4 83.81892509999999
1 84.077137
3 84.33150619999999
2 84.586664
4 84.6881892
1 85.0207418
5 85.24612649999999
0 85.54991869999999
4 85.8405799
2 86.1128598
4 86.31940479999999
1 86.54177
5 86.72846729999999
3 87.0561144
0 87.12552609999999
4 87.3716551
1 87.62855099999999
5 87.88219959999999
2 88.1374451
4 88.3109559
1 88.6027532
3 88.70422079999999
5 88.9870055
2 89.0733576
4 89.35382019999999
0 89.60749019999999
1 89.9127683
2 90.16504259999999
3 90.42142469999999
4 90.68813909999999
5 91.09930849999999
0 91.67389469999999
4 92.2063927
1 92.6597523
3 93.0274077
2 93.1706035
1 93.7367587
5 93.7372266
4 94.249488
1 94.75737819999999
5 94.77376369999999
4 95.11186239999999
1 95.46885429999999
2 95.725484
4 95.7633594
3 96.0036904
1 96.2756945
2 96.5291374
4 96.80331029999999
3 96.92002319999999
0 97.1967655
2 97.52065839999999
1 97.77603599999999
5 98.0163992
4 98.27377569999999
3 98.5427168
4 98.79945029999999
3 98.9687821
2 99.20523519999999
1 99.5129767
0 99.82184419999999
3 99.83926939999999
4 100.16880379999999
1 100.8390271
4 100.87273189999999
5 101.3666729
2 101.8679155
4 101.8862829
3 102.1417484
3 102.2957301
1 102.58297979999999
0 102.88532219999999
5 102.93603599999999
3 103.38468879999999
1 103.87247199999999
4 103.88925889999999
5 104.3033488
3 104.57361519999999
2 104.86532439999999
4 104.88200119999999
5 105.4628084
5 105.63136399999999
0 105.938784
3 106.2940256
1 106.6386306
4 106.6392272
1 107.951504
2 108.48476539999999
3 108.9817186
4 109.3935841
0 109.97084579999999
5 109.97129419999999
0 110.36393369999999
4 110.3643836
2 111.0291949
5 111.0459107
2 111.4062967
4 111.40683489999999
0 112.0701536
4 112.10414759999999
3 112.5287896
2 112.5448972
4 112.8331716
0 113.08273709999999
3 113.3415677
4 113.57970019999999
2 113.669985
5 114.1248066
1 114.125256
1 114.45225199999999
4 114.45328429999999
3 115.1727354
3 115.4771827
0 116.0868696
4 116.1035531
3 116.39391669999999
4 116.6829054
1 116.90692899999999
5 117.1582967
3 117.3386146
4 117.55997629999999
2 117.69705499999999
3 117.96092519999999
1 118.12006729999999
5 118.42008139999999
2 118.6570055
4 118.90061779999999
0 119.137018
3 119.3584169
1 119.5097376
5 119.86910499999999
2 120.09684759999999
4 120.28867009999999
1 120.5987565
3 120.7371153
0 121.1431617
4 121.24492799999999
2 121.5151808
5 121.6319747
1 121.9383712
0 122.19888209999999
2 122.3023781
1 122.57470189999998
4 122.87140589999998
1 123.17925249999999
3 123.21339449999999
0 124.2409711
4 124.2578322
5 124.5778775
3 124.953584
1 125.2889126
5 125.62900159999998
2 125.64719769999999
0 126.01098859999999
4 126.0290929
1 126.7388195
3 127.28259109999999
0 127.2831596
1 127.67976329999999
4 127.6966396
5 128.0848375
2 128.1019064
1 128.6768595
4 128.99496019999998
2 129.2871495
3 129.8685294
4 130.32830859999999
1 130.345538
2 130.8415311
5 130.858502
4 131.3907386
4 131.9000903
2 131.9006671
0 132.4222996
3 132.4228929
2 133.3907414
0 133.3912707
5 133.7622989
3 133.76273279999998
1 134.1404784
4 134.1414771
2 135.3390487
0 135.35558129999998
5 135.6629332
3 135.6634774
2 135.9529895
0 135.9537198
5 136.0736589
3 136.07425569999998
1 136.3608119
4 136.37971
2 136.90892689999998
1 137.44132869999999
2 137.6597898
3 137.9028138
4 138.21035659999998
1 138.4519717
4 138.7289216
2 138.9653989
3 139.10092989999998
5 139.3383148
0 139.4388026
3 139.73736169999998
6 139.9467038
211.0 140.49280629999998
113.0 141.4122458
204.0 141.8445208
309.0 142.2866454
218.0 143.2896136
120.0 143.9215492
218.0 144.5334259
316.0 145.06470249999998
358.0 145.52740319999998
400.0 146.1382773
281.0 146.6798481
183.0 147.1209857
78.0 147.6015324
127.0 148.14387299999999
225.0 148.6866511
351.0 149.1437683
260.0 149.60335569999998
155.0 150.0287203
316.0 150.6389943
372.0 151.1872162
211.0 151.7353144
197.0 152.0906063
183.0 152.49612589999998
6 152.8677341
4 154.7031185
1 154.9594857
2 155.2339367
3 155.3560697
4 155.4754257
3 155.7688238
0 156.0231009
2 156.297559
1 156.4034584
3 156.60890809999998
4 156.81533389999998
2 157.0874904
5 157.2572248
3 157.3968404
4 157.5313071
1 157.737744
2 157.98183319999998
3 158.184021
4 158.5428268
0 158.8132728
4 159.0725367
1 159.3189466
3 159.555242
2 159.7769559
5 160.01327519999998
1 160.2039417
4 160.5167803
2 160.775195
3 161.0733194
1 161.327001
4 161.6089608
0 161.8494347
5 162.1027225
2 162.2729905
4 162.56915859999998
1 162.8417625
3 163.1131287
0 163.3185298
5 163.57348389999999
2 163.72542289999998
4 164.0499092
1 164.25304219999998
3 164.5740878
2 164.8859199
4 165.1203591
5 165.394987
3 165.6748201
1 165.9197941
4 166.1742329
0 166.4146178
3 166.6921566
1 166.9232192
3 167.2195869
2 167.4407357
4 167.70597519999998
3 168.2738875
5 168.491964
4 168.7495935
2 169.27165879999998
3 169.90406919999998
1 170.4860813
0 171.10066469999998
2 171.3586798
1 171.6019618
3 171.8251465
2 172.0877212
4 172.29000929999998
3 172.5464342
5 172.828261
3 173.0893054
5 173.3262347
4 173.58522259999998
2 173.8234518
1 174.0999416
3 174.3719228
0 174.630814
2 174.8875172
1 175.14188769999998
4 175.329374
5 175.635584
3 175.8734282
4 176.1282358
2 176.3329089
4 176.6032392
1 176.8069109
3 177.031128
0 177.2491219
2 177.5878988
1 177.863032
5 178.1193662
4 178.3589254
3 178.6478071
2 178.8843499
1 179.1416688
0 179.3849375
2 179.71378529999998
1 179.923001
3 180.2167777
5 180.4761795
4 180.6837828
2 180.9087678
5 181.211885
4 181.63772369999998
3 182.1385889
1 182.6355752
0 183.2020636
2 183.5884937
3 184.2497764
5 184.6501466
1 185.2048402
4 185.4613976
2 185.7159852
3 186.2469609
0 186.61874989999998
5 187.271106
3 187.6325341
4 188.24383989999998
1 188.63864809999998
2 189.26695669999998
4 189.5222787
3 189.8105616
5 190.2588983
4 190.417769
3 190.7303985
6 191.0037516
267.0 191.3277278
71.0 192.21221979999999
225.0 192.9264285
302.0 193.3653228
288.0 193.859939
197.0 194.35739139999998
92.0 194.78525209999998
6 195.0071036
0 195.2258939
2 195.7366018
1 195.9778858
3 196.2162127
5 196.46973219999998
4 196.70553189999998
3 196.9677812
6 197.141028
267.0 197.4449666
176.0 197.8717657
78.0 198.3828096
183.0 198.8772804
6 199.0648536
0 199.4857106
2 199.91033729999998
1 200.16901919999998
3 200.4179939
5 200.8283778
1 201.2030112
4 201.2208284
2 201.6647035
5 201.9671232
3 202.2384052
1 202.49605739999998
4 202.49677549999998
5 202.7568731
2 202.9941457
4 203.12986859999998
3 203.434966
0 203.519871
5 203.740702
1 204.0119956
3 204.30066109999999
2 204.5731494
4 204.69180319999998
1 204.9201929
3 205.0520992
5 205.3581256
4 205.611585
3 205.8658375
2 206.0961202
4 206.2130037
5 206.4687012
1 206.6214952
4 206.8948341
6 207.1311882
347.0 207.55657449999998
130.0 208.5758329
305.0 209.5309127
312.0 210.2254015
221.0 210.71865459999998
137.0 211.1413164
4.0 211.649488
144.0 212.2124229
235.0 212.6889433
368.0 213.1998901
403.0 213.6962871
340.0 214.1072672
214.0 214.6872836
95.0 215.23066799999998
60.0 215.7742905
193.0 216.3538324
284.0 216.7966472
403.0 217.27160609999999
388 217.6941412
185 218.70986449999998
108 219.5108137
269 220.38308379999998
6 220.824808
5 221.8105774
3 222.0651172
4 222.39098479999998
5 222.5259381
3 222.6826915
4 222.91815
3 223.18981789999998
4 223.43224139999998
5 223.55201019999998
0 223.878258
2 224.1180181
1 224.3564721
0 224.50843559999998
1 224.7468318
2 225.12199669999998
1 225.4221412
0 225.6446291
3 225.9193187
5 226.1787457
3 226.4363617
4 226.57461999999998
5 226.7100164
1 226.9496445
4 227.2368602
2 227.3558948
3 227.68452349999998
5 227.9780063
0 227.996031
1 229.0469287
2 229.6277571
4 230.0771958
0 230.093343
1 230.46706369999998
3 230.4835288
2 230.98954999999998
5 231.0061418
4 231.470392
1 231.4874011
0 231.9286787
3 231.9291754
2 232.1660667
1 232.4244275
4 232.6436419
5 232.9210068
3 233.1753922
2 233.3781891
4 233.6196277
0 233.8708567
2 234.22855769999998
1 234.5757301
5 234.7977862
3 235.041487
4 235.2870711
2 235.45879109999998
1 235.82287599999998
2 236.226257
3 236.67383859999998
4 237.1356672
0 237.5579975
2 237.7646114
1 237.9653989
5 238.189347
3 238.42760389999998
4 238.6290197
1 238.83114849999998
2 239.03333089999998
5 239.25125889999998
3 239.4716248
4 239.6839846
0 239.8562459
2 240.10071829999998
1 240.304399
4 240.5428363
3 240.7463223
5 240.96129249999998
2 241.15160799999998
4 241.3554943
1 241.5256029
3 241.7126663
0 241.9509678
1 242.1716949
2 242.4087486
0 242.67001399999998
1 242.8228644
2 243.055131
3 243.4991631
4 243.6697762
5 243.92487749999998
5 244.4440144
3 244.5816929
4 244.76819849999998
2 244.98987499999998
3 245.1919268
1 245.3393116
4 245.5994546
0 245.810218
5 246.0475846
3 246.3039853
4 246.50830919999999
5 246.6966238
1 246.86650849999998
4 247.1070693
2 247.3203309
3 247.5299642
5 247.8351874
4 248.1377961
2 248.6982045
2 248.9345739
1 249.1724304
2 249.55191139999997
0 251.9837808
